15 0.09853584170341492 0.6630768775939941 0.13815871477127076 0.10027580261230469
12 0.180667245388031 0.3579657316207886 0.1432248830795288 0.10932097434997559
11 0.3314459562301636 0.3046616554260254 0.2232957363128662 0.175637149810791
21 0.5469175338745117 0.2819105386734009 0.2242420196533203 0.1634537696838379
22 0.7271153926849365 0.3194166421890259 0.16301259994506836 0.16746096611022948
23 0.824156665802002 0.42916020154953005 0.11601982116699219 0.1229858636856079
24 0.8629869222640991 0.5287088871002197 0.15291600227355956 0.11181974411010742
25 0.877748680114746 0.6081884384155274 0.16113681793212892 0.09518795013427735
26 0.895709228515625 0.7000760078430176 0.17297210693359374 0.08981857299804688
13 0.1046875 0.471875 0.121875 0.134375
14 0.10625 0.575 0.1625 0.103125
16 0.10703125 0.74921875 0.1640625 0.1015625
