14 0.17635345160961152 0.4890903472900391 0.18160963654518128 0.14495344161987306
13 0.23515670299530028 0.40653305053710936 0.11223292350769043 0.14313812255859376
12 0.34601683616638185 0.36461644172668456 0.12483596801757812 0.13971118927001952
11 0.4765812873840332 0.3468130588531494 0.15407943725585938 0.1511981964111328
21 0.6214190483093261 0.3637333631515503 0.14293346405029297 0.14581170082092285
22 0.7304635047912598 0.40730220079421997 0.10407752990722656 0.11682431697845459
24 0.8295961380004883 0.5219423294067382 0.1762866973876953 0.11483287811279297
23 0.8091547012329101 0.4517128825187683 0.10503520965576171 0.11880362033843994
26 0.8491020202636719 0.6742399215698243 0.18489360809326172 0.1112752914428711
25 0.8505935430526733 0.595774507522583 0.159013032913208 0.07300825119018554
15 0.1296875 0.55546875 0.1875 0.1171875
16 0.10078125 0.63359375 0.1546875 0.0984375
