44 0.20296039581298828 0.5181410789489747 0.08271422386169433 0.11506404876708984
43 0.24660370349884034 0.5176962852478028 0.08122768402099609 0.11566963195800781
12 0.25819265842437744 0.45621275901794434 0.09006099700927735 0.07041358947753906
42 0.31215050220489504 0.5235600471496582 0.09744420051574706 0.10993127822875977
21 0.4948447227478027 0.4542547225952148 0.15944995880126953 0.12649402618408204
32 0.5779208183288574 0.5301265716552734 0.11820735931396484 0.12881183624267578
22 0.6147108554840088 0.4312197804450989 0.12272634506225585 0.10047128200531005
33 0.6749001979827881 0.5198342800140381 0.12077484130859376 0.1308053970336914
34 0.7671394348144531 0.522174882888794 0.1187601089477539 0.12851734161376954
23 0.7171875 0.43046875 0.121875 0.0984375
11 0.36171875 0.45625 0.1296875 0.09375
31 0.4875 0.5328125 0.11875 0.10625
41 0.39765625 0.53515625 0.1078125 0.1234375
13 0.184375 0.453125 0.08125 0.06875
24 0.80546875 0.434375 0.0921875 0.090625
