15 0.10086073875427246 0.6043675899505615 0.20042963027954103 0.18829517364501952
16 0.08955516815185546 0.7117983341217041 0.17697758674621583 0.13415250778198243
13 0.2336214303970337 0.3311448574066162 0.14371175765991212 0.17504167556762695
11 0.517694091796875 0.29149670600891114 0.2321322441101074 0.18273477554321288
21 0.7218686580657959 0.31877014636993406 0.20401010513305665 0.1933011531829834
25 0.8991168975830078 0.6995546340942382 0.19657135009765625 0.15589504241943358
24 0.9058025360107422 0.5847509384155274 0.18384437561035155 0.154840087890625
22 0.85703125 0.3703125 0.1890625 0.184375
23 0.89296875 0.46953125 0.1546875 0.1359375
12 0.32265625 0.2609375 0.1859375 0.125
14 0.12578125 0.453125 0.2234375 0.1875
26 0.871875 0.7609375 0.2125 0.0875
