15 0.037264281511306764 0.7224372863769531 0.07447047233581543 0.07392024993896484
14 0.0543388307094574 0.6581245422363281 0.10849686861038207 0.10547294616699218
11 0.28876960277557373 0.2957909107208252 0.14525647163391114 0.12536678314208985
21 0.4383424878120422 0.26917524337768556 0.16789453029632567 0.10965108871459961
22 0.5896174430847168 0.27281479835510253 0.14866485595703124 0.13766756057739257
23 0.7090086936950684 0.336019492149353 0.12940711975097657 0.13048291206359863
26 0.8349757194519043 0.7201303482055664 0.22930545806884767 0.15281639099121094
27 0.8349827766418457 0.7718022346496582 0.2085662841796875 0.08844223022460937
24 0.803232479095459 0.44914084672927856 0.14371261596679688 0.15062081813812256
25 0.8302349328994751 0.589582109451294 0.18373827934265136 0.1587906837463379
12 0.18515625 0.35859375 0.0984375 0.1703125
