46 0.1604462146759033 0.3142307043075562 0.1435616970062256 0.20236821174621583
45 0.19260655641555785 0.4770111083984375 0.1245004415512085 0.13168888092041015
44 0.21826846599578859 0.5862343788146973 0.14705257415771483 0.122271728515625
43 0.25654119849205015 0.6777966499328614 0.1653791546821594 0.12272663116455078
42 0.3391608476638794 0.7268805503845215 0.11792173385620117 0.11983041763305664
41 0.42681398391723635 0.7122783660888672 0.11233911514282227 0.09151668548583984
31 0.5124623298645019 0.7654151916503906 0.10827388763427734 0.08547458648681641
32 0.603909969329834 0.7438504219055175 0.1115030288696289 0.0876016616821289
33 0.6728899002075195 0.6992395401000977 0.12348546981811523 0.09252891540527344
35 0.8462148904800415 0.4989527702331543 0.12723383903503419 0.12606887817382811
37 0.9056915283203125 0.26165726184844973 0.13737068176269532 0.16495699882507325
81 0.44296875 0.77578125 0.1046875 0.1015625
34 0.77265625 0.61953125 0.1484375 0.1171875
4_36 0.8921875 0.39296875 0.134375 0.1359375
