14 0.13996517658233643 0.49338512420654296 0.07635626792907715 0.07573108673095703
13 0.21993184089660645 0.4926426887512207 0.11217656135559081 0.09236087799072265
43 0.2604396820068359 0.5264113426208497 0.07037143707275391 0.05909271240234375
12 0.2815922498703003 0.4517453670501709 0.09840555191040039 0.1029362678527832
42 0.32677001953125 0.5163722038269043 0.08851051330566406 0.08565311431884766
11 0.40564942359924316 0.43781318664550783 0.1761031150817871 0.16818532943725586
41 0.4085796356201172 0.527324104309082 0.10768566131591797 0.07237606048583985
31 0.5069852828979492 0.5217926979064942 0.11532230377197265 0.08867053985595703
21 0.5736968040466308 0.4399852633476257 0.18559656143188477 0.17513182163238525
32 0.6000815391540527 0.5258803367614746 0.09941215515136718 0.07353668212890625
33 0.678501033782959 0.5206527709960938 0.08405513763427734 0.0723663330078125
22 0.6972490310668945 0.44180006980895997 0.11316146850585937 0.12978582382202147
23 0.7634441375732421 0.502860164642334 0.11581687927246094 0.09171409606933593
24 0.8266013860702515 0.5141135215759277 0.0724113941192627 0.06085891723632812
