15 0.1256125807762146 0.5393775463104248 0.08978602886199952 0.09350166320800782
14 0.18584284782409669 0.518590259552002 0.11916313171386719 0.14089202880859375
44 0.2201594352722168 0.5547508239746094 0.10951089859008789 0.09971675872802735
43 0.26359593868255615 0.5501730918884278 0.08321604728698731 0.09936103820800782
12 0.2927256107330322 0.4643211364746094 0.11265048980712891 0.11294565200805665
42 0.31806201934814454 0.5690118312835694 0.099896240234375 0.13805570602416992
11 0.39521303176879885 0.436597740650177 0.1676860809326172 0.15009610652923583
41 0.40385226011276243 0.5669907569885254 0.11090319156646729 0.16020889282226564
31 0.49118618965148925 0.5607997417449951 0.11224727630615235 0.1633464813232422
21 0.5394463539123535 0.43731251955032346 0.16098251342773437 0.14851758480072022
32 0.5818300247192383 0.5513562202453614 0.11719188690185547 0.13251972198486328
22 0.6671520233154297 0.44373741149902346 0.12654972076416016 0.11117258071899414
33 0.6724684715270997 0.540773868560791 0.10617942810058593 0.12217788696289063
34 0.748262357711792 0.5677614212036133 0.09461641311645508 0.11577186584472657
24 0.7872499465942383 0.5053095340728759 0.1721792221069336 0.11063861846923828
25 0.8351931571960449 0.5502313613891602 0.11565189361572266 0.0784769058227539
26 0.9094347953796387 0.5123905181884766 0.08628406524658203 0.06854534149169922
23 0.76484375 0.4859375 0.1484375 0.103125
13 0.2203125 0.490625 0.096875 0.13125
