16 0.16778643429279327 0.6198765277862549 0.16580247282981872 0.10870275497436524
17 0.16748690903186797 0.668626356124878 0.16402763724327088 0.07222604751586914
15 0.18242065906524657 0.5488715171813965 0.17637810707092286 0.11886577606201172
14 0.1890554666519165 0.44224963188171384 0.15252289772033692 0.15658464431762695
13 0.23226485252380372 0.3499756813049316 0.1118882179260254 0.09242105484008789
23 0.7539585590362549 0.3099228858947754 0.12969083786010743 0.11404533386230468
24 0.7893532276153564 0.4069779396057129 0.16589689254760742 0.1695425033569336
25 0.8063993215560913 0.49089975357055665 0.171812105178833 0.11241216659545898
26 0.8372817039489746 0.5659643650054932 0.16861915588378906 0.13393793106079102
27 0.8304945945739746 0.6195629119873047 0.1469053268432617 0.060968208312988284
12 0.28359375 0.284375 0.1234375 0.103125
11 0.40078125 0.25 0.1640625 0.0375
3_21 0.54609375 0.24609375 0.1328125 0.0265625
22 0.678125 0.25859375 0.128125 0.0484375
