17 0.08238590359687806 0.6843720436096191 0.11715751886367798 0.06178436279296875
16 0.09578053951263428 0.6277242660522461 0.12303390502929687 0.09318084716796875
15 0.1313133120536804 0.5280608177185059 0.15607059001922607 0.15910720825195312
24 0.842113709449768 0.5266901016235351 0.11932787895202637 0.1071920394897461
26 0.8866887092590332 0.7389662742614747 0.1512420654296875 0.1368040084838867
25 0.8663333892822266 0.6303723335266114 0.09458503723144532 0.10222206115722657
21 0.6359375 0.24609375 0.18125 0.1515625
11 0.4609375 0.2328125 0.18125 0.134375
22 0.75390625 0.3046875 0.1328125 0.11875
23 0.8078125 0.38984375 0.134375 0.1515625
12 0.3375 0.24453125 0.1625 0.1671875
13 0.2296875 0.31015625 0.15625 0.1734375
14 0.18828125 0.42734375 0.1359375 0.1140625
