14 0.06588579416275024 0.47179126739501953 0.10873806476593018 0.1404245376586914
44 0.0989730715751648 0.6383560180664063 0.1507403612136841 0.1782958984375
13 0.1403943657875061 0.4567844271659851 0.11164906024932861 0.14338724613189696
12 0.23077585697174072 0.38465380668640137 0.18476347923278807 0.2021580696105957
43 0.21104168891906738 0.6335633754730224 0.10525779724121094 0.1681488037109375
42 0.31370432376861573 0.6212190628051758 0.1649688720703125 0.19688186645507813
11 0.40576332807540894 0.4167105793952942 0.22547285556793212 0.25849664211273193
41 0.44147480726242067 0.6193408012390137 0.14626524448394776 0.1973568916320801
21 0.5985406398773193 0.4282381057739258 0.2146450996398926 0.2339710235595703
31 0.5667067527770996 0.6177168846130371 0.14747962951660157 0.19491500854492189
32 0.6952008247375489 0.6198921203613281 0.14894180297851561 0.1814441680908203
22 0.7575466156005859 0.4243003845214844 0.1492094039916992 0.203814697265625
33 0.801750659942627 0.6335447311401368 0.11079063415527343 0.15846195220947265
23 0.8445074319839477 0.4441574215888977 0.09424738883972168 0.1319356679916382
25 0.8944707870483398 0.6221539497375488 0.15876235961914062 0.164353084564209
34 0.8708350181579589 0.6435025215148926 0.09501628875732422 0.12745265960693358
24 0.8903420448303223 0.47344331741333007 0.08633270263671874 0.10217552185058594
25 0.9307518005371094 0.4825113296508789 0.08928031921386718 0.09964656829833984
