45 0.12142935991287232 0.3987605094909668 0.1947930097579956 0.17489309310913087
46 0.11718049049377441 0.2831897258758545 0.1484391450881958 0.11414623260498047
44 0.15253743827342986 0.5285885810852051 0.17675419449806212 0.14002418518066406
43 0.19640283584594725 0.6191544532775879 0.12420186996459961 0.09241714477539062
34 0.8624934196472168 0.5623064517974854 0.16793155670166016 0.15853958129882811
35 0.907802677154541 0.4281617641448975 0.18430843353271484 0.17243480682373047
36 0.9244356155395508 0.3026477336883545 0.14682331085205078 0.13403825759887694
3_33 0.7375 0.63515625 0.128125 0.1140625
3_42 0.3234375 0.703125 0.1125 0.09375
3_32 0.671875 0.70390625 0.121875 0.1109375
3_41 0.428125 0.721875 0.1125 0.1
3_31 0.54765625 0.72734375 0.1203125 0.1078125
