46 0.08106322288513183 0.298382043838501 0.16157608032226561 0.11604328155517578
45 0.12558025121688843 0.39976503849029543 0.1556316614151001 0.10421223640441894
44 0.17510931193828583 0.4948585033416748 0.17527971863746644 0.1461233139038086
43 0.22900128364562988 0.5628724098205566 0.13940682411193847 0.11247282028198242
42 0.3458571195602417 0.5755290031433106 0.12120165824890136 0.12604618072509766
35 0.8740267753601074 0.40058536529541017 0.15469017028808593 0.11187515258789063
36 0.8993968963623047 0.3060127019882202 0.13584632873535157 0.12700200080871582
41 0.4546875 0.5828125 0.115625 0.11875
31 0.56171875 0.58359375 0.1265625 0.1203125
32 0.671875 0.59375 0.115625 0.134375
33 0.7703125 0.55390625 0.13125 0.1703125
34 0.8390625 0.4875 0.20625 0.2125
