13 0.21737196445465087 0.49523324966430665 0.10502934455871582 0.1450723648071289
44 0.22254464626312256 0.5959231376647949 0.0667348861694336 0.09591464996337891
12 0.29084162712097167 0.4589898228645325 0.12887372970581054 0.16260888576507568
43 0.27145726680755616 0.5831796169281006 0.08157434463500976 0.12324647903442383
42 0.3362895488739014 0.5728096008300781 0.1014261245727539 0.13806533813476562
11 0.40245906114578245 0.4329418659210205 0.1868293523788452 0.17764663696289062
41 0.4151115894317627 0.5669038772583008 0.10902376174926758 0.14326343536376954
31 0.5051991462707519 0.5638291358947753 0.12605714797973633 0.15542335510253907
21 0.5545345306396484 0.42259831428527833 0.18174610137939454 0.18667078018188477
32 0.6047375679016114 0.5608001708984375 0.1294544219970703 0.14764957427978515
22 0.6815200805664062 0.42907894849777223 0.13962879180908203 0.1765005350112915
33 0.6909440040588379 0.5727735996246338 0.0914926528930664 0.13287134170532228
34 0.7518084526062012 0.585442066192627 0.09274921417236329 0.117352294921875
23 0.7654810905456543 0.46779813766479494 0.10645084381103516 0.1359431266784668
24 0.7993697166442871 0.48065991401672364 0.13525257110595704 0.11831254959106445
