15 0.14231624603271484 0.6245682716369629 0.18165163993835448 0.1464900016784668
16 0.13791535198688507 0.7363375186920166 0.1679435193538666 0.13340482711791993
13 0.1852400541305542 0.43401155471801756 0.10717291831970215 0.12428770065307618
24 0.8285099029541015 0.4585439682006836 0.12317218780517578 0.09354515075683593
25 0.8882597923278809 0.5762346267700196 0.15481910705566407 0.14219226837158203
26 0.9245769500732421 0.6899683952331543 0.12952957153320313 0.15850496292114258
4_14 0.1671875 0.55 0.146875 0.11875
4_12 0.24140625 0.34375 0.0859375 0.078125
4_21 0.51640625 0.25625 0.1328125 0.103125
4_22 0.66640625 0.2953125 0.1078125 0.109375
11 0.36875 0.27421875 0.196875 0.1265625
23 0.7625 0.37734375 0.134375 0.1359375
