46 0.07613436579704284 0.3373195886611938 0.13476263284683226 0.15644221305847167
45 0.12837512493133546 0.4440430521965027 0.12630922794342042 0.1258281946182251
44 0.1676529049873352 0.5365326881408692 0.11589014530181885 0.14650897979736327
43 0.23920202851295472 0.6060728549957275 0.12575501203536987 0.14853906631469727
42 0.3167208194732666 0.675580644607544 0.12387294769287109 0.11645307540893554
41 0.4295807361602783 0.6942716598510742 0.12662887573242188 0.15632762908935546
31 0.5411527633666993 0.7017473220825196 0.12789421081542968 0.151322078704834
32 0.6311747074127197 0.6548977851867676 0.1279909133911133 0.12056608200073242
33 0.7318070411682129 0.6089319705963134 0.12565736770629882 0.15618104934692384
34 0.8025840759277344 0.5458855628967285 0.1163106918334961 0.1352397918701172
35 0.8503017425537109 0.44741120338439944 0.1201171875 0.15067453384399415
36 0.8984375 0.34296875 0.134375 0.1453125
