12 0.21894326210021972 0.3827404260635376 0.1668546676635742 0.165596342086792
21 0.6084125518798829 0.3405004024505615 0.24237451553344727 0.20709772109985353
23 0.8046380996704101 0.3598440170288086 0.16682262420654298 0.1559154510498047
24 0.8692182540893555 0.48787384033203124 0.13363475799560548 0.12172145843505859
25 0.9074856758117675 0.5810331344604492 0.1171966552734375 0.1130218505859375
11 0.39296875 0.3234375 0.2265625 0.259375
51 0.38515625 0.45390625 0.1953125 0.1984375
13 0.17109375 0.48828125 0.1703125 0.1203125
15 0.13203125 0.6078125 0.1671875 0.109375
16 0.12421875 0.6625 0.1546875 0.09375
14 0.18515625 0.54921875 0.1203125 0.0796875
