13 0.21195488572120666 0.4415802836418152 0.08248413801193237 0.10546934604644775
43 0.25840795040130615 0.5393671989440918 0.11681818962097168 0.1436380386352539
12 0.2981254100799561 0.43940982818603513 0.1311655044555664 0.1571807861328125
42 0.3557512044906616 0.5470879077911377 0.12197232246398926 0.1366128921508789
11 0.4378512859344482 0.4313647747039795 0.20204896926879884 0.1802093505859375
41 0.45972557067871095 0.5617121696472168 0.13139543533325196 0.16220741271972655
31 0.5697249412536621 0.5699722290039062 0.13794822692871095 0.1713411331176758
21 0.6131823539733887 0.43433375358581544 0.18446483612060546 0.16345415115356446
32 0.672797966003418 0.5536310195922851 0.11088685989379883 0.14798450469970703
22 0.7267067909240723 0.44164118766784666 0.1321706771850586 0.14943437576293944
33 0.7588154315948487 0.5416201114654541 0.10297918319702148 0.1479048728942871
23 0.8121091604232789 0.44324750900268556 0.08043675422668457 0.08509559631347656
34 0.823453140258789 0.5143789768218994 0.08974857330322265 0.0989039421081543
24 0.8602120399475097 0.4741508483886719 0.07860183715820312 0.08430843353271485
