46 0.08250540494918823 0.4248820781707764 0.16501080989837646 0.16043195724487305
45 0.09446107745170593 0.5473273277282715 0.17761632204055786 0.15299034118652344
44 0.1619661808013916 0.6522679805755616 0.21092052459716798 0.1263660430908203
43 0.19477018117904663 0.6964217185974121 0.13945047855377196 0.09670791625976563
34 0.8002351760864258 0.6213626861572266 0.12763042449951173 0.09747104644775391
35 0.8426629066467285 0.5462946891784668 0.14783363342285155 0.09583740234375
36 0.874036431312561 0.4356238842010498 0.19231028556823732 0.16828279495239257
33 0.7140625 0.67421875 0.1375 0.0703125
32 0.6203125 0.72578125 0.140625 0.0796875
31 0.51328125 0.7515625 0.1296875 0.05
41 0.4015625 0.76015625 0.1125 0.0671875
42 0.3015625 0.7453125 0.109375 0.08125
