46 0.13165102005004883 0.2812755048274994 0.2351107120513916 0.2610477566719055
42 0.3345058441162109 0.739954948425293 0.13537931442260742 0.08652362823486329
31 0.5868874549865722 0.8031474828720093 0.1628643035888672 0.09940915107727051
32 0.7135406494140625 0.7624788284301758 0.16484127044677735 0.11165008544921876
4_34 0.8774789810180664 0.5513599395751954 0.13203773498535157 0.13969478607177735
36 0.9331839561462403 0.33514971733093263 0.13166656494140624 0.1689927101135254
37 0.9365306854248047 0.21926422119140626 0.08661766052246093 0.0939669132232666
3_45 0.16484375 0.46015625 0.2046875 0.1265625
3_44 0.2171875 0.5734375 0.190625 0.128125
3_43 0.25703125 0.66484375 0.1890625 0.1234375
3_25 0.92421875 0.46015625 0.1328125 0.1390625
41 0.43671875 0.79453125 0.1546875 0.1140625
33 0.7984375 0.6796875 0.128125 0.09375
