15 0.11692991256713867 0.6987602233886718 0.2037602424621582 0.06818675994873047
13 0.15004286766052247 0.5129261016845703 0.15976128578186036 0.1547229766845703
4_12 0.214123672246933 0.4158174395561218 0.12020913362503052 0.12595598697662352
21 0.5342061042785644 0.3696008205413818 0.14261255264282227 0.0838714599609375
23 0.7389068126678466 0.43523446321487425 0.16586503982543946 0.15188233852386473
24 0.8016473770141601 0.5306731700897217 0.19709205627441406 0.19842662811279296
25 0.8652436256408691 0.6353891849517822 0.22301673889160156 0.1610274314880371
4_14 0.12421875 0.6265625 0.1828125 0.146875
4_11 0.3578125 0.403125 0.14375 0.1125
4_22 0.65078125 0.3765625 0.1171875 0.1125
