16 0.1417585402727127 0.7187438011169434 0.17405108809471131 0.11244258880615235
17 0.13574196100234986 0.8055871009826661 0.14039943218231202 0.09294567108154297
15 0.15904252827167512 0.6150053977966309 0.1687041699886322 0.12983531951904298
14 0.1844072699546814 0.5165151596069336 0.15167367458343506 0.1130645751953125
13 0.2388385057449341 0.38978304862976076 0.11969804763793945 0.1387025833129883
11 0.45728168487548826 0.26445870399475097 0.16030139923095704 0.0827672004699707
21 0.62421875 0.31796875 0.1734375 0.1734375
12 0.32734375 0.3109375 0.1234375 0.09375
22 0.74609375 0.35078125 0.1078125 0.1234375
23 0.82578125 0.4328125 0.1234375 0.115625
3_24 0.87734375 0.52421875 0.1390625 0.1109375
25 0.88984375 0.6375 0.1953125 0.115625
26 0.88828125 0.74375 0.2078125 0.109375
