16 0.10130835771560669 0.7559292793273926 0.14451591968536376 0.08961505889892578
13 0.16520354747772217 0.43383989334106443 0.11814122200012207 0.12145147323608399
12 0.25871482491493225 0.32137036323547363 0.16751869916915893 0.14201221466064454
11 0.4145763278007507 0.2554929733276367 0.23070318698883058 0.15881423950195311
21 0.6405345439910889 0.28019678592681885 0.21529150009155273 0.17779226303100587
22 0.7605260848999024 0.32365999221801756 0.12381820678710938 0.11036901473999024
23 0.8495820999145508 0.431106424331665 0.09434356689453124 0.10959205627441407
24 0.8825875282287597 0.5448700904846191 0.11569461822509766 0.14483108520507812
26 0.9488547325134278 0.7506669044494629 0.10210380554199219 0.11811504364013672
4_15 0.1203125 0.62109375 0.165625 0.1140625
4_25 0.92109375 0.66015625 0.1296875 0.1265625
3_14 0.15 0.5375 0.159375 0.1
