14 0.13323699235916137 0.5657829284667969 0.16353394985198974 0.1567129135131836
13 0.1777464270591736 0.46210689544677735 0.13167054653167726 0.11541385650634765
12 0.29967193603515624 0.4040541768074036 0.13227596282958984 0.16566598415374756
11 0.46845752000808716 0.428826904296875 0.205765700340271 0.20986833572387695
21 0.6687264919281006 0.4496220588684082 0.20537977218627929 0.19983196258544922
22 0.8216808557510376 0.44745558500289917 0.12288889884948731 0.19225313663482665
24 0.8923547744750977 0.5550408363342285 0.15513153076171876 0.13767547607421876
25 0.9000450134277344 0.6465540885925293 0.16300048828125 0.10587329864501953
15 0.17578125 0.628125 0.2015625 0.078125
23 0.9015625 0.4953125 0.096875 0.121875
