14 0.17258481979370116 0.46889572143554686 0.10964698791503906 0.09492721557617187
13 0.25377883315086364 0.45695066452026367 0.13627787828445434 0.11338748931884765
43 0.3271183967590332 0.513465690612793 0.10927801132202149 0.1297626495361328
42 0.41501483917236326 0.5190741539001464 0.11331892013549805 0.1332921028137207
41 0.5138144016265869 0.5300223350524902 0.11497030258178711 0.12456207275390625
31 0.6088263511657714 0.5318618774414062 0.11389236450195313 0.12363910675048828
32 0.6998351097106934 0.5205537796020507 0.09138259887695313 0.11020984649658203
33 0.7607945442199707 0.5028367042541504 0.07472877502441407 0.09518470764160156
23 0.8072798728942872 0.4351210117340088 0.09323043823242187 0.10402402877807618
34 0.8026181936264039 0.4909503936767578 0.04586338996887207 0.061104774475097656
3_44 0.2546875 0.528125 0.109375 0.06875
4_12 0.3515625 0.44609375 0.11875 0.0859375
4_51 0.55546875 0.45625 0.1578125 0.096875
4_21 0.659375 0.45234375 0.109375 0.0796875
4_22 0.74609375 0.44453125 0.1203125 0.0890625
