45 0.18557610511779785 0.4206843376159668 0.14134740829467773 0.10421714782714844
44 0.20867230892181396 0.5087309837341308 0.17175564765930176 0.14812278747558594
43 0.2483142375946045 0.5524786949157715 0.10358252525329589 0.13853092193603517
42 0.340633225440979 0.5705328941345215 0.13225264549255372 0.13937673568725586
41 0.4622956275939941 0.5693379878997803 0.13510875701904296 0.14460468292236328
31 0.5835244178771972 0.5701496124267578 0.13474884033203124 0.1345139503479004
32 0.7083564758300781 0.5580539226531982 0.13235206604003907 0.11997241973876953
33 0.8050187110900879 0.5216406345367431 0.10545692443847657 0.11586923599243164
34 0.8618200302124024 0.4861504077911377 0.1436563491821289 0.135947322845459
35 0.8729323387145996 0.38537235260009767 0.15003643035888672 0.11610708236694336
46 0.1765625 0.35859375 0.125 0.0765625
36 0.8890625 0.33359375 0.096875 0.0765625
