14 0.14481301605701447 0.5347646713256836 0.13222097754478454 0.15659961700439454
11 0.5008873462677002 0.2705203056335449 0.14177179336547852 0.09412202835083008
21 0.6461563110351562 0.2929891586303711 0.14384031295776367 0.11703495979309082
22 0.7407493591308594 0.35331311225891116 0.10509281158447266 0.11728582382202149
24 0.8170476913452148 0.48431949615478515 0.12326507568359375 0.10084571838378906
25 0.8529863357543945 0.7134716987609864 0.1886686325073242 0.14706497192382811
26 0.8520524024963378 0.5902346134185791 0.16551685333251953 0.1345489501953125
4_15 0.10390625 0.6765625 0.1609375 0.159375
4_13 0.21171875 0.3890625 0.1609375 0.16875
4_12 0.36015625 0.29765625 0.1515625 0.1203125
3_23 0.7953125 0.39140625 0.109375 0.1109375
