44 0.13359161615371704 0.5875887870788574 0.08701660633087158 0.1266183853149414
13 0.16920702755451203 0.49645318984985354 0.1532824456691742 0.10024127960205079
11 0.3234532833099365 0.4497625470161438 0.22053632736206055 0.1297679662704468
41 0.39887170791625975 0.6035967350006104 0.14138326644897461 0.11611194610595703
31 0.5198939323425293 0.6160491943359375 0.13604507446289063 0.1583648681640625
32 0.6341266632080078 0.592217493057251 0.1089212417602539 0.12219457626342774
33 0.7189074516296386 0.5857943058013916 0.1087076187133789 0.14054393768310547
34 0.7887024879455566 0.5773385047912598 0.11786060333251953 0.14664230346679688
23 0.7804876327514648 0.4763307571411133 0.09091339111328126 0.08609561920166016
4_12 0.21015625 0.48125 0.1484375 0.090625
4_61 0.5296875 0.4609375 0.16875 0.103125
4_22 0.65703125 0.465625 0.1328125 0.096875
4_24 0.84453125 0.475 0.1046875 0.10625
42 0.27578125 0.6046875 0.1296875 0.153125
43 0.19296875 0.60234375 0.1171875 0.1546875
