13 0.19625765085220337 0.38376827239990235 0.10375630855560303 0.10906991958618165
44 0.21610732674598693 0.4636079788208008 0.1427855372428894 0.1234548568725586
12 0.2603862524032593 0.40197592973709106 0.08097071647644043 0.12914769649505614
42 0.3259319305419922 0.5253647327423095 0.13842496871948243 0.1687847137451172
11 0.3944571495056152 0.4082685589790344 0.2458871841430664 0.15965001583099364
41 0.4486028552055359 0.5415166854858399 0.1500253915786743 0.16749916076660157
31 0.5766960144042969 0.538197135925293 0.16332855224609374 0.14061717987060546
21 0.645793867111206 0.40976772308349607 0.20090675354003906 0.17520790100097655
32 0.6910359382629394 0.5114822387695312 0.12216644287109375 0.12205820083618164
22 0.7385907173156738 0.43444108963012695 0.06750240325927734 0.07242145538330078
23 0.8231040000915527 0.40792670249938967 0.12896080017089845 0.13306760787963867
24 0.9029733657836914 0.40723867416381837 0.08124752044677734 0.10976238250732422
3_33 0.79453125 0.5046875 0.1046875 0.08125
43 0.259375 0.509375 0.09375 0.084375
