15 0.08389845490455627 0.3863827705383301 0.05574477910995483 0.06256771087646484
45 0.12654755413532257 0.43728808164596555 0.09137372374534607 0.10563700199127198
14 0.11482825279235839 0.37885541915893556 0.06606552600860596 0.05444316864013672
13 0.16232025623321533 0.4016300678253174 0.06992926597595214 0.08898706436157226
44 0.19429196119308473 0.487806510925293 0.11541802883148193 0.12033824920654297
12 0.24152185916900634 0.418308687210083 0.13349518775939942 0.13660316467285155
43 0.2676528453826904 0.5201000690460205 0.09874038696289063 0.12193527221679687
42 0.3437474727630615 0.5432185173034668 0.1266505241394043 0.14626045227050782
11 0.37531561851501466 0.41455516815185545 0.18496618270874024 0.1482478141784668
41 0.45050296783447263 0.5346235275268555 0.13433351516723632 0.16155900955200195
21 0.5625125885009765 0.4363408088684082 0.18541126251220702 0.14765481948852538
31 0.5581298828125 0.5400556564331055 0.1296051025390625 0.11927680969238282
32 0.6645203113555909 0.5374263286590576 0.12595252990722655 0.14005823135375978
22 0.7007468223571778 0.4058545112609863 0.11923599243164062 0.13295183181762696
33 0.7295153617858887 0.507331657409668 0.09736957550048828 0.12525501251220703
34 0.7635788917541504 0.4696652412414551 0.12378292083740235 0.12141227722167969
23 0.7715353012084961 0.3795949459075928 0.07787971496582032 0.09666166305541993
35 0.8146578788757324 0.41394500732421874 0.10543060302734375 0.10250301361083984
24 0.8030011177062988 0.3638429641723633 0.062308120727539065 0.06917891502380372
