16 0.12275896072387696 0.748054027557373 0.16999964714050292 0.09426240921020508
15 0.14832520484924316 0.6636639595031738 0.18553452491760253 0.1332998275756836
14 0.17148552238941192 0.5869472980499267 0.14947599768638611 0.10683240890502929
13 0.20577340126037597 0.4608942985534668 0.12824039459228515 0.13079662322998048
11 0.3956348419189453 0.3520843029022217 0.15536632537841796 0.09348797798156738
51 0.47413649559021 0.3188770055770874 0.11139402389526368 0.08406047821044922
21 0.6018460273742676 0.33504514694213866 0.13518714904785156 0.08561849594116211
22 0.6933271408081054 0.3673116207122803 0.08335285186767578 0.07854557037353516
23 0.773891830444336 0.41647225618362427 0.09723625183105469 0.10979230403900146
25 0.8239460945129394 0.610222053527832 0.1888376235961914 0.14625473022460939
26 0.8320393562316895 0.7102464199066162 0.19218311309814454 0.11243181228637696
4_12 0.2796875 0.3921875 0.128125 0.115625
3_24 0.81875 0.51953125 0.159375 0.1234375
