16 0.15817879438400267 0.7196925163269043 0.17039568424224855 0.08819961547851562
15 0.1574912428855896 0.6493570327758789 0.16268398761749267 0.13049278259277344
14 0.17123403251171113 0.5531887531280517 0.15622463822364807 0.12115192413330078
13 0.19699461460113527 0.48259472846984863 0.12083888053894043 0.08598556518554687
4_12 0.2443678617477417 0.4056845188140869 0.11667308807373047 0.09824018478393555
11 0.3606938123703003 0.335885214805603 0.173555326461792 0.09392833709716797
21 0.5301692008972168 0.4268867015838623 0.17739200592041016 0.11130895614624023
24 0.7731803894042969 0.5159167289733887 0.17598381042480468 0.1307445526123047
25 0.7960196495056152 0.626803207397461 0.17749900817871095 0.14470176696777343
23 0.7561153411865235 0.42472004890441895 0.08865585327148437 0.07505426406860352
26 0.8097172737121582 0.7197061061859131 0.18665542602539062 0.10259866714477539
3_22 0.64296875 0.3796875 0.1578125 0.125
4_61 0.52265625 0.3390625 0.1484375 0.10625
