45 0.1305600881576538 0.5259682655334472 0.0959559440612793 0.08446369171142579
44 0.21884300708770751 0.5317835807800293 0.11280522346496583 0.11235675811767579
13 0.25202343463897703 0.4575974464416504 0.10260725021362305 0.1071014404296875
43 0.29574577808380126 0.5436101436614991 0.11745190620422363 0.12116880416870117
12 0.32284998893737793 0.46058130264282227 0.08751745223999023 0.10392780303955078
42 0.3634826421737671 0.555483341217041 0.11339507102966309 0.08606624603271484
11 0.4528194308280945 0.4611652851104736 0.19513132572174072 0.15244016647338868
41 0.46500091552734374 0.5554853439331054 0.12232704162597656 0.11021575927734376
31 0.5659099102020264 0.5517481803894043 0.12321224212646484 0.12782573699951172
4_61 0.6095818519592285 0.48275008201599123 0.14501018524169923 0.10744771957397461
33 0.6996300697326661 0.542085838317871 0.10796537399291992 0.11662178039550782
23 0.756589412689209 0.4952555656433105 0.10923309326171875 0.1132162094116211
34 0.7696117401123047 0.5557258605957032 0.10189781188964844 0.08505926132202149
24 0.8032704353332519 0.5100189208984375 0.07119579315185547 0.08240756988525391
22 0.73203125 0.46953125 0.1046875 0.1078125
32 0.63671875 0.5578125 0.0859375 0.071875
