15 0.2500079393386841 0.5715491294860839 0.17797956466674805 0.1583873748779297
16 0.2742248773574829 0.6684248924255372 0.1567807674407959 0.13763484954833985
13 0.2561856687068939 0.37856454849243165 0.1168141484260559 0.13949546813964844
12 0.34844436645507815 0.3282506465911865 0.16461896896362305 0.1215667724609375
22 0.6386606216430664 0.3487230777740479 0.14932937622070314 0.15539865493774413
24 0.7680830955505371 0.44347916841506957 0.15382843017578124 0.17290189266204833
23 0.745693588256836 0.36033585071563723 0.10575428009033203 0.12859206199645995
25 0.7887145042419433 0.566556978225708 0.13657760620117188 0.14152193069458008
26 0.8127674102783203 0.670742130279541 0.1171844482421875 0.12689561843872071
4_14 0.26484375 0.48359375 0.1828125 0.1296875
3_11 0.4484375 0.32109375 0.10625 0.0984375
3_21 0.53984375 0.3234375 0.0953125 0.10625
