45 0.16255089044570922 0.27563669681549074 0.12998588085174562 0.07730193138122558
44 0.21779800057411194 0.3537620544433594 0.13073500394821166 0.09399824142456055
43 0.27625131607055664 0.39060111045837403 0.12556257247924804 0.11851778030395507
13 0.2747276067733765 0.2876813650131226 0.11089448928833008 0.11440548896789551
12 0.3473066806793213 0.3647699117660522 0.10989599227905274 0.12414040565490722
21 0.6028707504272461 0.499868106842041 0.2034897804260254 0.1838785171508789
32 0.6057032585144043 0.6052583694458008 0.1141122817993164 0.08769149780273437
33 0.6803507804870605 0.653607177734375 0.12261848449707032 0.1126791000366211
22 0.7044585227966309 0.5669318675994873 0.12608022689819337 0.10838851928710938
34 0.7587150573730469 0.6500105857849121 0.08185558319091797 0.08956975936889648
23 0.7887744903564453 0.591561222076416 0.12124900817871094 0.10003108978271484
11 0.46015625 0.4109375 0.1484375 0.1875
42 0.3578125 0.440625 0.06875 0.078125
41 0.41875 0.4921875 0.096875 0.11875
31 0.51796875 0.55859375 0.1015625 0.1265625
