16 0.1635299950838089 0.6536576271057128 0.17269396185874938 0.1113205909729004
15 0.16206544637680054 0.7088932037353516 0.1620642900466919 0.07931861877441407
13 0.17357072830200196 0.5412197113037109 0.11249256134033203 0.1389669418334961
12 0.24671115279197692 0.46992740631103513 0.1335793614387512 0.14126358032226563
11 0.37435648441314695 0.4149923324584961 0.1895383358001709 0.16237955093383788
21 0.5380804538726807 0.4062899470329285 0.17796363830566406 0.1381014108657837
22 0.6758401393890381 0.43213415145874023 0.15027828216552735 0.11428279876708984
23 0.7653377532958985 0.4880565643310547 0.11522598266601562 0.13089923858642577
24 0.7983864307403564 0.5333279609680176 0.1494601249694824 0.1187713623046875
25 0.8238868713378906 0.5916742324829102 0.16338825225830078 0.1218846321105957
26 0.8113287925720215 0.6509222030639649 0.11601486206054687 0.06877994537353516
14 0.0953125 0.55546875 0.1 0.1046875
