15 0.1513855665922165 0.6931086540222168 0.18871832489967347 0.11583013534545898
16 0.1552087277173996 0.7351704597473144 0.18846235871315004 0.09335041046142578
14 0.15483988523483277 0.6247286796569824 0.1744842767715454 0.13201618194580078
13 0.16828420162200927 0.546013355255127 0.13402314186096193 0.15650157928466796
11 0.35421977043151853 0.4153083682060242 0.19304256439208983 0.10785086154937744
3_21 0.5328657150268554 0.37079925537109376 0.15862693786621093 0.16536779403686525
23 0.7439121723175048 0.45306442975997924 0.13408784866333007 0.15100538730621338
24 0.7753405094146728 0.5176982879638672 0.17894105911254882 0.15001907348632812
25 0.8039778709411621 0.5979168891906739 0.18939075469970704 0.12098979949951172
26 0.8143350601196289 0.6643805503845215 0.18101425170898439 0.10752792358398437
4_12 0.228125 0.459375 0.134375 0.121875
4_22 0.64453125 0.40390625 0.1328125 0.1015625
