16 0.1426449179649353 0.6547436714172363 0.14791429042816162 0.11708202362060546
17 0.14130377769470215 0.7126331329345703 0.1378951072692871 0.07881584167480468
15 0.17483509778976442 0.5307713985443115 0.1345140218734741 0.1491246223449707
14 0.21892876029014588 0.43964219093322754 0.09821883440017701 0.09751434326171875
12 0.3195647716522217 0.25033276081085204 0.11652898788452148 0.12468600273132324
11 0.4437384128570557 0.21992933750152588 0.1577922821044922 0.13500308990478516
22 0.6945708274841309 0.27498888969421387 0.1274688720703125 0.1258336067199707
24 0.781716775894165 0.46059428453445433 0.14692106246948242 0.1316659688949585
25 0.8051065444946289 0.5818554401397705 0.17727985382080078 0.17433176040649415
23 0.7580946922302246 0.35842506885528563 0.07753353118896485 0.08724389076232911
26 0.8316683769226074 0.6673933982849121 0.17546405792236328 0.12439136505126953
27 0.826142406463623 0.7310391426086426 0.15041961669921874 0.07260208129882813
3_13 0.2625 0.34765625 0.140625 0.1578125
21 0.584375 0.22421875 0.153125 0.1578125
