14 0.15442299842834473 0.4338940501213074 0.09594573974609374 0.10445406436920165
45 0.20077409744262695 0.5281831741333007 0.11155071258544921 0.11587066650390625
13 0.22675631046295167 0.4526360034942627 0.11479053497314454 0.15045557022094727
44 0.24182677865028382 0.5659429550170898 0.09460371732711792 0.11080741882324219
12 0.3294766664505005 0.46814990043640137 0.1378786563873291 0.13647880554199218
43 0.3191669464111328 0.5767088890075683 0.10885725021362305 0.12015933990478515
42 0.4117706775665283 0.5849161148071289 0.11585865020751954 0.13326759338378907
11 0.45105724334716796 0.4506756663322449 0.1694045066833496 0.19206316471099855
41 0.5066262722015381 0.589666748046875 0.12339000701904297 0.1513662338256836
21 0.5857013702392578 0.4450103282928467 0.15820903778076173 0.18327827453613282
31 0.5935822486877441 0.5775975227355957 0.10894546508789063 0.13339176177978515
32 0.6769248962402343 0.564185905456543 0.10193004608154296 0.12743701934814453
22 0.6949308395385743 0.444193696975708 0.1127838134765625 0.1425023078918457
33 0.7502800464630127 0.5642886161804199 0.0856135368347168 0.13144149780273437
23 0.7858364105224609 0.4285153388977051 0.1137735366821289 0.14335098266601562
34 0.7964835166931152 0.5532870292663574 0.0831186294555664 0.11238670349121094
