46 0.16871811151504518 0.37180418968200685 0.17227113246917725 0.1613448143005371
45 0.19782040119171143 0.4857668399810791 0.12478065490722656 0.1065786361694336
44 0.2428433358669281 0.5655671119689941 0.11958876848220826 0.09123458862304687
42 0.34053521156311034 0.6574266433715821 0.09309453964233398 0.04895305633544922
41 0.417519748210907 0.6844202041625976 0.11266825199127198 0.06156463623046875
31 0.5178385734558105 0.6879327297210693 0.1160919189453125 0.07059335708618164
32 0.606812858581543 0.6706518173217774 0.10992202758789063 0.06317462921142578
33 0.6750040054321289 0.6280414581298828 0.11164360046386719 0.06187629699707031
34 0.7141825675964355 0.5586437225341797 0.13127374649047852 0.11808204650878906
35 0.7535064220428467 0.46591944694519044 0.1415877342224121 0.12703208923339843
4_36 0.7859375 0.3796875 0.153125 0.128125
3_43 0.29765625 0.62734375 0.0796875 0.0640625
