46 0.11416992843151093 0.43091673851013185 0.17871418595314026 0.19716463088989258
45 0.1470785617828369 0.5627220630645752 0.15294227600097657 0.13177976608276368
44 0.19508800506591797 0.666926383972168 0.1557070255279541 0.14473819732666016
43 0.2429875135421753 0.7595682144165039 0.10417318344116211 0.12633094787597657
42 0.3407247304916382 0.7789085865020752 0.13413538932800292 0.13664007186889648
41 0.4554648518562317 0.7892913341522216 0.13099133968353271 0.13799028396606444
31 0.5737769126892089 0.793164873123169 0.13493061065673828 0.12329511642456055
32 0.6693304061889649 0.7680249691009522 0.14549293518066406 0.12461214065551758
33 0.7421740531921387 0.7171586513519287 0.14663524627685548 0.13114290237426757
35 0.8123114585876465 0.39661269187927245 0.20413570404052733 0.1797100067138672
36 0.7889532089233399 0.6172737598419189 0.15383567810058593 0.11613140106201172
34 0.8118341445922852 0.5213051795959472 0.15505638122558593 0.12028579711914063
