44 0.15228723287582396 0.49646902084350586 0.18076903820037843 0.15720596313476562
43 0.22470273971557617 0.6150073051452637 0.10338802337646484 0.08192405700683594
42 0.3648315191268921 0.6473143577575684 0.16975722312927247 0.10430107116699219
41 0.47103023529052734 0.6722326755523682 0.13994235992431642 0.06643886566162109
31 0.5951924800872803 0.6772910118103027 0.12202730178833007 0.05218715667724609
32 0.71159987449646 0.6388103485107421 0.14982023239135742 0.10885868072509766
34 0.8336437225341797 0.5447953701019287 0.14105072021484374 0.10580329895019532
35 0.8676780700683594 0.447130024433136 0.1696857452392578 0.14037225246429444
3_33 0.78203125 0.59375 0.1015625 0.096875
3_36 0.88671875 0.3515625 0.1453125 0.10625
45 0.1296875 0.41640625 0.128125 0.0890625
3_46 0.11796875 0.346875 0.1265625 0.09375
