45 0.13519065082073212 0.45915812253952026 0.18621025681495668 0.19052622318267823
44 0.19617600440979005 0.6092949867248535 0.1729583740234375 0.17113876342773438
43 0.26305819153785703 0.7063163757324219 0.15951136350631714 0.13084049224853517
33 0.8203279256820679 0.6547002792358398 0.14495015144348145 0.15725440979003907
34 0.8589151620864868 0.5370870113372803 0.15377840995788575 0.1431123733520508
35 0.897972583770752 0.39049038887023924 0.16300678253173828 0.19944467544555664
42 0.39296875 0.76796875 0.1546875 0.0828125
32 0.72109375 0.73359375 0.1390625 0.1046875
31 0.60390625 0.7671875 0.1453125 0.0875
41 0.484375 0.7859375 0.178125 0.071875
3_36 0.8984375 0.2578125 0.13125 0.115625
46 0.1171875 0.28984375 0.15625 0.1234375
