16 0.08991466760635376 0.6543278217315673 0.13604280948638917 0.09117145538330078
17 0.0858407735824585 0.7211454391479493 0.12777390480041503 0.07933712005615234
15 0.10155191421508789 0.5849440097808838 0.15011084079742432 0.10604591369628906
14 0.10932097434997559 0.5063155174255372 0.1345149040222168 0.12724580764770507
13 0.1774639368057251 0.40599526166915895 0.15187568664550782 0.15459692478179932
4_11 0.38097515106201174 0.34261422157287597 0.14412202835083007 0.14307136535644532
22 0.6924822807312012 0.3492410659790039 0.13840293884277344 0.1582925796508789
23 0.8076497793197632 0.4016734004020691 0.11719517707824707 0.1391348123550415
25 0.8871969223022461 0.5532816886901856 0.1369140625 0.09730920791625977
3_12 0.2765625 0.37890625 0.171875 0.1296875
3_21 0.54453125 0.32890625 0.2078125 0.1953125
24 0.8421875 0.4875 0.1125 0.096875
26 0.915625 0.63203125 0.096875 0.0671875
