46 0.09142404198646545 0.3845277070999146 0.13334959745407104 0.1611475467681885
45 0.14537612199783326 0.5315052986145019 0.1447051763534546 0.12054452896118165
44 0.20764074325561524 0.6307412624359131 0.15932912826538087 0.08835515975952149
43 0.2733601093292236 0.7072315216064453 0.14481353759765625 0.09307975769042968
42 0.39037418365478516 0.7539436340332031 0.14227676391601562 0.05488901138305664
32 0.7203290462493896 0.7010700225830078 0.11734704971313477 0.048432540893554685
33 0.7712907791137695 0.6410126686096191 0.11561450958251954 0.10662174224853516
34 0.8215275764465332 0.5614794731140137 0.16327075958251952 0.08957595825195312
35 0.8525611877441406 0.4583651065826416 0.19209022521972657 0.1840886116027832
36 0.8707825660705566 0.31376721858978274 0.20438480377197266 0.18433785438537598
41 0.4890625 0.7578125 0.13125 0.046875
31 0.6125 0.74609375 0.14375 0.0578125
