16 0.1387892931699753 0.5005133152008057 0.17689152359962462 0.10792226791381836
15 0.1581734150648117 0.44636926651000974 0.15541735291481018 0.11735267639160156
14 0.17666399478912354 0.39216768741607666 0.11951637268066406 0.09954066276550293
13 0.20603444576263427 0.35039520263671875 0.0950897216796875 0.10701627731323242
12 0.257948899269104 0.3158913850784302 0.09608306884765624 0.0531005859375
11 0.38085618019104006 0.3213395595550537 0.14899101257324218 0.06012783050537109
23 0.7423466682434082 0.3390655040740967 0.10663394927978516 0.1077341079711914
24 0.7728213310241699 0.3771479368209839 0.1437664031982422 0.11364960670471191
25 0.8070357322692872 0.43386363983154297 0.16450328826904298 0.12536039352416992
26 0.8266387701034545 0.4793083190917969 0.18502163887023926 0.12866134643554689
3_21 0.5109375 0.31796875 0.115625 0.0609375
3_22 0.61171875 0.32109375 0.0953125 0.0546875
