13 0.17522840499877929 0.46820554733276365 0.11457509994506836 0.13547115325927733
12 0.24739885330200195 0.44302616119384763 0.12604694366455077 0.11729736328125
43 0.2875880241394043 0.5780546188354492 0.13194894790649414 0.11720771789550781
42 0.39629168510437013 0.5674851417541504 0.13712482452392577 0.13815021514892578
41 0.5118919372558594 0.5653437614440918 0.14345855712890626 0.13937339782714844
21 0.5619837760925293 0.4495302677154541 0.2167069435119629 0.15279550552368165
31 0.6302662372589112 0.5692553997039795 0.14151830673217775 0.13178205490112305
22 0.7009961128234863 0.45749291181564333 0.13264293670654298 0.1512840509414673
32 0.7115020275115966 0.5649510383605957 0.11698379516601562 0.13216400146484375
33 0.8001804351806641 0.5699492454528808 0.11436977386474609 0.1282794952392578
34 0.8670012474060058 0.5672214984893799 0.10411396026611328 0.10315618515014649
24 0.9123414039611817 0.5054038524627685 0.09827709197998047 0.08425207138061523
3_11 0.3796875 0.4484375 0.215625 0.134375
23 0.78828125 0.48203125 0.1234375 0.1078125
