14 0.1631825566291809 0.3932193756103516 0.08055846691131592 0.10343084335327149
43 0.22533304691314698 0.5276865005493164 0.11602392196655273 0.13386764526367187
13 0.22589969635009766 0.3924418449401855 0.08566622734069824 0.10410585403442382
12 0.2748073101043701 0.3765267848968506 0.08690786361694336 0.10858535766601562
42 0.3168311834335327 0.4822098731994629 0.08887224197387696 0.09881343841552734
11 0.40378321409225465 0.36907408237457273 0.2111879587173462 0.1941985607147217
41 0.4161341547966003 0.5106955528259277 0.14524271488189697 0.15058822631835939
31 0.5442855834960938 0.5163021087646484 0.1517817497253418 0.14270057678222656
21 0.5938078403472901 0.37570765018463137 0.2116927146911621 0.20421195030212402
32 0.6496644973754883 0.500527811050415 0.10463504791259766 0.1123617172241211
22 0.7304483413696289 0.37988064289093015 0.1156982421875 0.13153538703918458
34 0.7757913112640381 0.4765732765197754 0.14067678451538085 0.08879585266113281
24 0.8292519569396972 0.40926495790481565 0.11264400482177735 0.09445550441741943
33 0.74609375 0.51015625 0.1203125 0.0734375
3_23 0.79296875 0.36328125 0.0671875 0.0953125
