46 0.16692623794078826 0.32441015243530275 0.186805921792984 0.17268819808959962
45 0.18743677139282228 0.4776135444641113 0.18237624168395997 0.18731269836425782
43 0.24215755462646485 0.6902580261230469 0.09545736312866211 0.09325103759765625
42 0.32777132987976076 0.7094618797302246 0.12804775238037108 0.11394252777099609
41 0.4108936429023743 0.7441658020019531 0.13780877590179444 0.12567481994628907
31 0.5234745025634766 0.7497974395751953 0.14153366088867186 0.13227920532226561
32 0.6360113143920898 0.7318621158599854 0.129263973236084 0.12388715744018555
34 0.7644721031188965 0.6035750865936279 0.15822010040283202 0.1813831329345703
35 0.7970247268676758 0.4576589584350586 0.1833770751953125 0.18032293319702147
36 0.8385405540466309 0.30718398094177246 0.19594459533691405 0.1859738349914551
3_44 0.25546875 0.61328125 0.1828125 0.1421875
33 0.71015625 0.69140625 0.1546875 0.1015625
