15 0.11526405811309814 0.6394787788391113 0.2042693614959717 0.11422691345214844
16 0.12546344995498657 0.6934271812438965 0.21544148921966552 0.08953914642333985
14 0.11985063552856445 0.5710743427276611 0.1853048324584961 0.11221933364868164
13 0.12250436544418335 0.48192644119262695 0.1458000898361206 0.14655942916870118
12 0.18238129913806916 0.36773130893707273 0.18805007338523866 0.13876423835754395
11 0.4089128375053406 0.3496770620346069 0.27394678592681887 0.20395474433898925
21 0.6709943294525147 0.35174145698547366 0.2697415351867676 0.2056417465209961
26 0.866942572593689 0.6696113586425781 0.19129109382629395 0.10081443786621094
25 0.8747677087783814 0.6275252819061279 0.197468900680542 0.10134696960449219
22 0.8858139276504516 0.39018003940582274 0.17970690727233887 0.1378415584564209
24 0.9033119201660156 0.5613801002502441 0.1883981704711914 0.11349239349365234
23 0.9212676048278808 0.48850483894348146 0.14714584350585938 0.1220017433166504
