45 0.13264747858047485 0.36649060249328613 0.2297905683517456 0.17945680618286133
44 0.2080231189727783 0.4877995491027832 0.17642431259155272 0.1290355682373047
43 0.27062039375305175 0.6172288417816162 0.1191873550415039 0.16334810256958007
42 0.35824031829833985 0.6548064231872559 0.1200948715209961 0.13327178955078126
41 0.4602032661437988 0.6600614547729492 0.10613365173339843 0.11055049896240235
32 0.6695379257202149 0.6208401679992676 0.1029092788696289 0.09106864929199218
33 0.7596603393554687 0.5452250480651856 0.10761222839355469 0.08823909759521484
35 0.8811997413635254 0.39336576461791994 0.18824920654296876 0.1268691062927246
31 0.565625 0.6453125 0.115625 0.090625
34 0.84375 0.4703125 0.153125 0.11875
36 0.86875 0.29375 0.125 0.08125
