46 0.10426279306411743 0.33320157527923583 0.20852558612823485 0.2255373477935791
45 0.13944339752197266 0.4777824401855469 0.17418766021728516 0.14773883819580078
44 0.16767654716968536 0.5973777770996094 0.17988037467002868 0.13572769165039061
43 0.20961260199546813 0.6859480857849121 0.10108119249343872 0.07884740829467773
42 0.3153057098388672 0.7645472526550293 0.11988897323608398 0.07404727935791015
41 0.43603068590164185 0.780348253250122 0.15423734188079835 0.12211675643920898
31 0.5529115676879883 0.8126037836074829 0.16071338653564454 0.08565020561218262
33 0.7513901233673096 0.6684777736663818 0.13871240615844727 0.09652910232543946
36 0.8855373382568359 0.33884372711181643 0.20617599487304689 0.22591991424560548
3_34 0.81328125 0.56953125 0.1421875 0.1359375
3_35 0.825 0.47578125 0.13125 0.1078125
32 0.63203125 0.73203125 0.1703125 0.1359375
