17 0.13586364984512328 0.708006763458252 0.18879096508026122 0.13332710266113282
13 0.19732346534729003 0.4257437825202942 0.1606372833251953 0.14011456966400146
12 0.32721643447875975 0.36460325717926023 0.1495595932006836 0.13852219581604003
11 0.5005807042121887 0.33665904998779295 0.20805757045745848 0.14270830154418945
21 0.6869869232177734 0.33980545997619627 0.19113235473632811 0.1320063591003418
22 0.8330303192138672 0.37622880935668945 0.11889019012451171 0.10903987884521485
24 0.8784881591796875 0.5204275131225586 0.1825712203979492 0.10643224716186524
26 0.8884099721908569 0.6443988800048828 0.20235486030578614 0.11794624328613282
23 0.8708757400512696 0.45211286544799806 0.15174217224121095 0.08117332458496093
25 0.892184829711914 0.5891297340393067 0.1612163543701172 0.08206501007080078
4_16 0.16328125 0.63125 0.2328125 0.09375
4_15 0.1609375 0.56953125 0.203125 0.1109375
4_14 0.196875 0.50625 0.165625 0.0875
