48 0.082151859998703 0.2597249269485474 0.13286181688308715 0.1594242572784424
46 0.13675254583358765 0.42470345497131345 0.21495907306671141 0.17798032760620117
45 0.17462473213672638 0.5321573257446289 0.17319297194480895 0.12768726348876952
44 0.2186725378036499 0.6116681098937988 0.16077966690063478 0.13769187927246093
43 0.2708838701248169 0.6912079334259034 0.13560361862182618 0.11515884399414063
42 0.360246467590332 0.7303590297698974 0.1313995361328125 0.09901838302612305
41 0.4499024271965027 0.7674175262451172 0.12057783603668212 0.07037811279296875
31 0.5574485778808593 0.763700008392334 0.11272544860839843 0.07623424530029296
32 0.6518104553222657 0.7374401569366456 0.13072052001953124 0.08239059448242188
33 0.7266011714935303 0.6815875053405762 0.13984384536743164 0.10293064117431641
34 0.7796419620513916 0.6089237213134766 0.14774847030639648 0.12792377471923827
35 0.8186674118041992 0.5270720481872558 0.15009098052978515 0.13815956115722655
36 0.8449869394302368 0.41883487701416017 0.19664263725280762 0.1668560028076172
37 0.8750549554824829 0.31798291206359863 0.15675196647644044 0.09214105606079101
38 0.8951530456542969 0.22909478545188905 0.12656021118164062 0.10271197557449341
3_47 0.0984375 0.3484375 0.146875 0.109375
