46 0.11972064971923828 0.31783556938171387 0.15767624378204345 0.17434864044189452
45 0.1522451400756836 0.4364543080329895 0.14703950881958008 0.10217893123626709
44 0.18703702688217164 0.5288022994995117 0.1334291696548462 0.10613517761230469
43 0.23238651752471923 0.616947078704834 0.0948246955871582 0.08028736114501953
42 0.336745285987854 0.6874811172485351 0.14215636253356934 0.1166086196899414
41 0.46337203979492186 0.7064260959625244 0.13679370880126954 0.14345436096191405
31 0.5891727447509766 0.6975199699401855 0.13678903579711915 0.13579540252685546
32 0.7026110649108886 0.6656351089477539 0.11700973510742188 0.09716968536376953
34 0.820751404762268 0.5398836135864258 0.13612895011901854 0.12223491668701172
35 0.8485919713974 0.405413293838501 0.13649792671203614 0.1711880683898926
36 0.8680155754089356 0.2534866750240326 0.10730667114257812 0.15954819917678834
3_33 0.73828125 0.61171875 0.1140625 0.0921875
