16 0.11955278217792512 0.6412476539611817 0.18322247862815857 0.11807880401611329
15 0.11738503277301789 0.557562255859375 0.17194074988365174 0.10856037139892578
14 0.1097338229417801 0.463812255859375 0.1366386353969574 0.11092681884765625
17 0.14108862578868867 0.7342835426330566 0.1723891317844391 0.07227001190185547
13 0.14535164833068848 0.4098421216011047 0.07218923568725585 0.08783414363861083
11 0.2581258237361908 0.29295806884765624 0.1351204037666321 0.11184883117675781
21 0.38145768642425537 0.2754618406295776 0.14336009025573732 0.1456592082977295
22 0.5128420829772949 0.2904031753540039 0.14073657989501953 0.1337876319885254
24 0.7653753280639648 0.41328859329223633 0.13036041259765624 0.10789480209350585
26 0.8245181798934936 0.6351058006286621 0.17477879524230958 0.13518009185791016
25 0.8219930410385132 0.5088936805725097 0.10434002876281738 0.10019760131835938
3_12 0.1078125 0.50859375 0.14375 0.0828125
4_23 0.66796875 0.334375 0.1421875 0.13125
