44 0.21932783722877502 0.49478683471679685 0.15975531339645385 0.1786478042602539
45 0.1893194079399109 0.35228064060211184 0.092262864112854 0.10072388648986816
43 0.26720519065856935 0.563682746887207 0.11512079238891601 0.1374073028564453
42 0.36484780311584475 0.6005061149597168 0.11458559036254883 0.11122722625732422
41 0.45684356689453126 0.6250004291534423 0.10734834671020507 0.10054941177368164
31 0.5516208648681641 0.6007384777069091 0.125970458984375 0.14293079376220702
32 0.6555049896240235 0.5979619503021241 0.11293888092041016 0.10460214614868164
33 0.7411905288696289 0.5524792671203613 0.12099037170410157 0.12623767852783202
34 0.7779351711273194 0.4875077724456787 0.1358881950378418 0.11861486434936523
35 0.8079598426818848 0.41996111869812014 0.12221698760986328 0.08967599868774415
36 0.82734375 0.346875 0.0984375 0.078125
