45 0.09517817348241805 0.4561616897583008 0.0967108279466629 0.09040107727050781
44 0.1484263777732849 0.4876150608062744 0.09600379467010497 0.12780275344848632
43 0.22206275463104247 0.5069655895233154 0.11326642036437988 0.14814386367797852
42 0.30092108249664307 0.5436866760253907 0.12347903251647949 0.13313636779785157
11 0.4080322265625 0.4498599052429199 0.17265214920043945 0.17011775970458984
41 0.4047078609466553 0.5765673637390136 0.12341518402099609 0.14457969665527343
31 0.5108979701995849 0.5718949317932129 0.1266489028930664 0.14351387023925782
21 0.5806024074554443 0.4665377140045166 0.17791738510131835 0.1423642158508301
32 0.6112997531890869 0.5494276523590088 0.12155303955078126 0.09959077835083008
33 0.719754695892334 0.5127615928649902 0.11729373931884765 0.1566152572631836
23 0.7761331081390381 0.4333669185638428 0.10603570938110352 0.11620588302612304
34 0.8047141075134278 0.5206809997558594 0.09738655090332031 0.12900524139404296
35 0.8557796478271484 0.4656237602233887 0.08974895477294922 0.10119972229003907
4_12 0.2640625 0.43671875 0.1 0.0796875
13 0.1796875 0.4265625 0.0875 0.078125
22 0.71328125 0.42265625 0.1140625 0.0671875
15 0.078125 0.37109375 0.0625 0.0890625
