16 0.14229566752910613 0.7402219772338867 0.18341050744056703 0.14605178833007812
15 0.15624122619628905 0.6347968101501464 0.15426030158996581 0.13917236328125
13 0.20250119566917418 0.4432725429534912 0.14130450487136842 0.1451955795288086
12 0.30603857040405275 0.33623900413513186 0.18327751159667968 0.19278764724731445
11 0.41955128908157346 0.24041643142700195 0.21726720333099364 0.2023477077484131
21 0.6117085456848145 0.2531630039215088 0.21220006942749023 0.1950972557067871
22 0.7206024169921875 0.3484086751937866 0.1846311569213867 0.18161473274230958
25 0.8495834350585938 0.6497051239013671 0.20728740692138672 0.10338478088378907
26 0.8658933639526367 0.7790321350097656 0.2149789810180664 0.1339719772338867
23 0.8230567932128906 0.4418599605560303 0.12159538269042969 0.1264115333557129
24 0.84375 0.5515625 0.184375 0.13125
3_14 0.19609375 0.55234375 0.1609375 0.1203125
