44 0.21620481014251708 0.49469447135925293 0.14898338317871093 0.14049739837646485
43 0.2554447650909424 0.5718863487243653 0.11331958770751953 0.11813583374023437
41 0.3487387657165527 0.6424407005310059 0.17021894454956055 0.10565223693847656
31 0.47904081344604493 0.6569521427154541 0.11051025390625 0.11141777038574219
32 0.5786965370178223 0.6350164890289307 0.1252138137817383 0.11229238510131836
33 0.6759105682373047 0.5895308494567871 0.13527469635009765 0.12998428344726562
34 0.7221263885498047 0.4762697696685791 0.15823612213134766 0.16427240371704102
3_45 0.1953125 0.390625 0.146875 0.13125
3_35 0.790625 0.3859375 0.1875 0.146875
36 0.840625 0.29453125 0.146875 0.0796875
46 0.17578125 0.28359375 0.1578125 0.0921875
