14 0.2394014358520508 0.44130716323852537 0.12947487831115723 0.10343685150146484
11 0.4601921081542969 0.28888075351715087 0.12970752716064454 0.06844801902770996
21 0.5871163368225097 0.29284377098083497 0.12930736541748047 0.07532501220703125
22 0.6938956260681153 0.32266194820404054 0.10737667083740235 0.0984499454498291
24 0.8015715599060058 0.4450007438659668 0.13803558349609374 0.08176050186157227
25 0.8198507308959961 0.5984594821929932 0.17012386322021483 0.12737531661987306
26 0.8296411275863648 0.5153616428375244 0.17038426399230958 0.0982583999633789
12 0.34453125 0.31328125 0.1171875 0.0890625
3_13 0.29609375 0.3625 0.1171875 0.09375
4_15 0.209375 0.51171875 0.14375 0.0734375
16 0.1625 0.59375 0.1625 0.096875
3_23 0.77734375 0.38359375 0.1171875 0.0984375
