11 0.13111878633499147 0.28308396339416503 0.20938022136688234 0.06283626556396485
44 0.16325013637542723 0.5288667678833008 0.1643251895904541 0.1155573844909668
45 0.17841987907886506 0.43414305448532103 0.1742459714412689 0.12694265842437744
46 0.17047093212604522 0.345442008972168 0.1557351052761078 0.09593696594238281
43 0.20409693121910094 0.6496249198913574 0.1538817524909973 0.15655651092529296
21 0.3503879070281982 0.28487491607666016 0.23896846771240235 0.08865938186645508
22 0.5445125579833985 0.2713092565536499 0.14635486602783204 0.0463679313659668
33 0.6581757545471192 0.6773696899414062 0.11915264129638672 0.10316390991210937
34 0.7266999244689941 0.6087065219879151 0.17459659576416015 0.1300581932067871
35 0.8016785621643067 0.507983922958374 0.18230533599853516 0.14094991683959962
36 0.8387417793273926 0.3686758756637573 0.19627819061279297 0.18550524711608887
42 0.22890625 0.69375 0.1171875 0.084375
41 0.321875 0.71328125 0.125 0.0640625
31 0.4171875 0.72421875 0.109375 0.0421875
32 0.53125 0.71484375 0.128125 0.0578125
