15 0.0738084077835083 0.6390953540802002 0.1474005937576294 0.14066247940063475
16 0.054707711935043334 0.7353123664855957 0.10910321474075317 0.11106300354003906
13 0.10224895775318146 0.4254278659820557 0.1635359227657318 0.17506675720214843
12 0.22103113532066346 0.279360294342041 0.15932618379592894 0.13376226425170898
11 0.39214224815368653 0.22143399715423584 0.2830374717712402 0.25091280937194826
21 0.6660309791564941 0.23918797969818115 0.2772518157958984 0.24885210990905762
22 0.8572113275527954 0.32572116851806643 0.2150092601776123 0.18937969207763672
23 0.9371098518371582 0.46336222887039186 0.1257802963256836 0.1759111166000366
27 0.93741455078125 0.8101105690002441 0.12510337829589843 0.12908763885498048
25 0.9413015365600585 0.7059042453765869 0.11705894470214843 0.18907041549682618
26 0.9492215156555176 0.7619216918945313 0.10155696868896484 0.08459110260009765
4_14 0.084375 0.5453125 0.159375 0.128125
4_24 0.93828125 0.5875 0.1046875 0.1125
