16 0.1297178626060486 0.6692141532897949 0.14347126483917236 0.12119808197021484
15 0.17215142250061036 0.5508384704589844 0.1848701000213623 0.14941749572753907
14 0.21748642921447753 0.4677350163459778 0.19140396118164063 0.16988828182220458
13 0.3033268451690674 0.3887998104095459 0.1479034423828125 0.1332094192504883
12 0.4180167198181152 0.3503409385681152 0.11385297775268555 0.09836721420288086
11 0.5295766830444336 0.36281023025512693 0.12959671020507812 0.11017475128173829
21 0.6456881046295166 0.3833488941192627 0.09650907516479493 0.09831323623657226
22 0.7325203895568848 0.41538286209106445 0.10403175354003906 0.11486148834228516
24 0.8238751411437988 0.5844231605529785 0.17967262268066406 0.15341453552246093
25 0.8291361808776856 0.6952323913574219 0.18680801391601562 0.144647216796875
23 0.8038421392440795 0.48914251327514646 0.13342595100402832 0.15079116821289062
26 0.8299612045288086 0.7446184158325195 0.15739059448242188 0.07179374694824218
