44 0.22284240126609803 0.5289018630981446 0.16053582429885865 0.16580066680908204
12 0.24066412448883057 0.2598126888275146 0.17049827575683593 0.1377119541168213
43 0.2455181360244751 0.558388614654541 0.10774602890014648 0.13882551193237305
42 0.33294799327850344 0.5757307052612305 0.11816701889038086 0.15302371978759766
11 0.38850882053375246 0.30916357040405273 0.181925630569458 0.175242280960083
41 0.4206603169441223 0.6141273021697998 0.12497422695159913 0.17186050415039061
21 0.558133316040039 0.3335415363311768 0.1976104736328125 0.16630868911743163
31 0.524126672744751 0.6237075805664063 0.12567491531372071 0.17610225677490235
32 0.6265805244445801 0.6130760192871094 0.11976585388183594 0.1566864013671875
22 0.7141018867492676 0.3284068822860718 0.15082817077636718 0.12729249000549317
33 0.7169363975524903 0.6149633407592774 0.11831598281860352 0.1466747283935547
34 0.7851161956787109 0.583486270904541 0.13527278900146483 0.15506858825683595
23 0.8171724081039429 0.33191144466400146 0.08956952095031738 0.09862122535705567
24 0.8829044342041016 0.3249053955078125 0.0804656982421875 0.07090024948120117
13 0.15625 0.2265625 0.0875 0.109375
45 0.2140625 0.4390625 0.165625 0.103125
35 0.84765625 0.503125 0.1828125 0.0875
