14 0.1672287940979004 0.43063145875930786 0.05919380187988281 0.0771756887435913
45 0.19047226905822753 0.48581657409667967 0.08203554153442383 0.06758670806884766
13 0.21503958702087403 0.4454362392425537 0.0789334774017334 0.09656238555908203
44 0.22759640216827393 0.5277195930480957 0.09010238647460937 0.09711170196533203
43 0.28011934757232665 0.5563482761383056 0.10447926521301269 0.12152214050292968
12 0.28539156913757324 0.45914173126220703 0.09789113998413086 0.10915126800537109
42 0.3648535251617432 0.5490379333496094 0.09716482162475586 0.11617631912231445
11 0.4137572765350342 0.4504053592681885 0.17484445571899415 0.14792137145996093
41 0.4437585353851318 0.5854394912719727 0.11796894073486328 0.15552825927734376
31 0.544827938079834 0.5837854385375977 0.11612205505371094 0.15547771453857423
21 0.5749006271362305 0.4549994945526123 0.17467927932739258 0.14631433486938478
32 0.6219120502471924 0.5605967521667481 0.0840606689453125 0.11817588806152343
22 0.6908990383148194 0.4718356132507324 0.09696798324584961 0.11004657745361328
33 0.6997782707214355 0.5694859504699707 0.10374774932861328 0.12619991302490235
34 0.7409006118774414 0.5410525321960449 0.09011268615722656 0.09999313354492187
23 0.760286521911621 0.4653996467590332 0.08536205291748047 0.09724216461181641
35 0.7910696029663086 0.5084433555603027 0.078350830078125 0.08223819732666016
24 0.8055672645568848 0.4513031005859375 0.06479320526123047 0.07914009094238281
