46 0.09244341850280761 0.49339680671691893 0.18488683700561523 0.19346294403076172
45 0.05858950018882751 0.34052448272705077 0.1168901801109314 0.20825519561767578
44 0.119979527592659 0.6245957374572754 0.16654414534568787 0.16308488845825195
43 0.17860581874847412 0.7168371200561523 0.15081992149353027 0.08859176635742187
42 0.2900410175323486 0.7702238082885742 0.16663236618041993 0.09293842315673828
41 0.4151602745056152 0.7865215301513672 0.1144791603088379 0.08055686950683594
31 0.5041447162628174 0.7669907569885254 0.1096649169921875 0.09356212615966797
33 0.7050649642944335 0.671347188949585 0.13093833923339843 0.08601713180541992
34 0.7449736595153809 0.5779927253723145 0.15839176177978515 0.14879188537597657
36 0.7867609977722168 0.3142433166503906 0.18556079864501954 0.21511564254760743
4_35 0.7640625 0.465625 0.165625 0.15625
3_32 0.60859375 0.74609375 0.1328125 0.0765625
