13 0.214941143989563 0.4394621729850769 0.12988200187683105 0.1369110345840454
43 0.28716506958007815 0.46943119764328 0.12509822845458984 0.15741350650787353
42 0.3810726642608643 0.494488525390625 0.12463150024414063 0.13863201141357423
11 0.44183125495910647 0.429633891582489 0.18050851821899414 0.11420786380767822
41 0.48094482421875 0.5267543315887451 0.13578691482543945 0.13051271438598633
31 0.5941411018371582 0.5343082904815674 0.132584285736084 0.13699216842651368
32 0.6945218086242676 0.529193115234375 0.11624784469604492 0.12661848068237305
33 0.7758034706115723 0.5012558937072754 0.11519870758056641 0.14498043060302734
4_14 0.14453125 0.38671875 0.0953125 0.0828125
12 0.3375 0.39921875 0.103125 0.0984375
4_11 0.58984375 0.43671875 0.1515625 0.0953125
4_12 0.6484375 0.4421875 0.125 0.1
4_13 0.72109375 0.4328125 0.1296875 0.08125
