16 0.12243322134017945 0.667475414276123 0.11017975807189942 0.11757831573486328
15 0.134839928150177 0.5779289245605469 0.12497668266296387 0.11043272018432618
14 0.1659220576286316 0.4877342224121094 0.14977681636810303 0.1344008445739746
13 0.21556713581085205 0.37391347885131837 0.13673152923583984 0.13890342712402343
11 0.42861328125 0.31399965286254883 0.1792665481567383 0.12221026420593262
23 0.8100465774536133 0.4660378932952881 0.106585693359375 0.12531509399414062
25 0.8442822456359863 0.657353687286377 0.10379467010498047 0.10284271240234374
3_12 0.29609375 0.31875 0.1171875 0.13125
4_21 0.60703125 0.33203125 0.1421875 0.1640625
4_22 0.7140625 0.39296875 0.10625 0.1265625
3_24 0.84375 0.56796875 0.140625 0.0984375
26 0.83984375 0.73671875 0.0953125 0.0953125
