44 0.1778484106063843 0.5374347686767578 0.10213451385498047 0.09938411712646485
43 0.26775174140930175 0.527038860321045 0.13010215759277344 0.17197532653808595
42 0.3719467639923096 0.5169672966003418 0.12661428451538087 0.16326351165771485
41 0.4894248008728027 0.5406383514404297 0.1341348648071289 0.15262298583984374
31 0.611882495880127 0.5280698776245117 0.14370231628417968 0.17498130798339845
32 0.7251938819885254 0.49757871627807615 0.12452545166015624 0.16780223846435546
3_12 0.390625 0.4234375 0.134375 0.0625
3_11 0.51171875 0.42265625 0.1203125 0.0796875
13 0.29609375 0.43671875 0.0859375 0.0484375
21 0.62578125 0.4125 0.1359375 0.065625
22 0.73984375 0.396875 0.0921875 0.071875
23 0.84921875 0.41953125 0.0953125 0.0671875
33 0.80703125 0.49453125 0.1265625 0.1640625
34 0.8765625 0.48359375 0.0875 0.0859375
