16 0.09470171928405761 0.7363287925720214 0.12037117481231689 0.13281497955322266
15 0.12700387239456176 0.6335142135620118 0.15211102962493897 0.08102741241455078
14 0.1740301012992859 0.5473395347595215 0.17170660495758056 0.13763771057128907
12 0.3297325611114502 0.41215858459472654 0.15502099990844725 0.15673141479492186
11 0.4292279124259949 0.3127844572067261 0.20406115055084229 0.11457276344299316
21 0.5553850650787353 0.39629392623901366 0.19663591384887696 0.15493125915527345
22 0.7040884971618653 0.4222877025604248 0.1471536636352539 0.13176040649414061
24 0.8160794258117676 0.5512954235076905 0.19038753509521483 0.146435546875
25 0.8304578781127929 0.658012580871582 0.19703235626220703 0.12358198165893555
26 0.8401273727416992 0.7720279693603516 0.2003448486328125 0.08164863586425782
27 0.8437307596206665 0.7266365051269531 0.20444293022155763 0.07438087463378906
3_13 0.24765625 0.4828125 0.1609375 0.1375
3_23 0.7652925014495849 0.4621279239654541 0.16823129653930663 0.15514822006225587
