45 0.16270098686218262 0.40695265531539915 0.11455760002136231 0.13930628299713135
44 0.18212980031967163 0.5277109146118164 0.12183201313018799 0.13258838653564453
41 0.40857534408569335 0.6725531578063965 0.14774017333984374 0.09314823150634766
31 0.5505335807800293 0.6734849452972412 0.15436487197875975 0.09155683517456055
33 0.744234561920166 0.6445975780487061 0.15187911987304686 0.10310945510864258
34 0.7935539245605469 0.5774625778198242 0.1540678024291992 0.08892269134521484
35 0.8303739786148071 0.47502636909484863 0.18279757499694824 0.1305082321166992
36 0.8652853012084961 0.368511962890625 0.12787818908691406 0.11587915420532227
3_32 0.65234375 0.68046875 0.1453125 0.0828125
3_46 0.16640625 0.32109375 0.1046875 0.0859375
3_42 0.31484375 0.640625 0.0921875 0.084375
3_43 0.25078125 0.60546875 0.0796875 0.0984375
