14 0.1575425386428833 0.48899054527282715 0.10887036323547364 0.10540742874145508
45 0.16726329326629638 0.6038639545440674 0.12452430725097656 0.08238248825073242
15 0.1937814474105835 0.5113033294677735 0.1451246738433838 0.06969223022460938
44 0.23257553577423096 0.626994276046753 0.08491320610046386 0.056022357940673825
43 0.30022263526916504 0.6265145778656006 0.08568115234375 0.060590934753417966
12 0.34979777336120604 0.4298959732055664 0.11959619522094726 0.11167097091674805
42 0.38903369903564455 0.6154346466064453 0.11316242218017578 0.08817939758300782
11 0.4752345085144043 0.4248195171356201 0.1590500831604004 0.12001123428344726
41 0.48336181640625 0.6142038345336914 0.10979995727539063 0.102545166015625
31 0.5771803855895996 0.6118955135345459 0.10226001739501953 0.09337396621704101
21 0.6247251510620118 0.43320717811584475 0.1541534423828125 0.12028656005859376
32 0.6662919998168946 0.6088039398193359 0.10044631958007813 0.07000923156738281
22 0.7381727218627929 0.450163471698761 0.10033760070800782 0.11131131649017334
33 0.7456086158752442 0.6280117988586426 0.05496435165405274 0.03681392669677734
34 0.7717254638671875 0.6292426586151123 0.09846973419189453 0.04293003082275391
23 0.7888608932495117 0.4785581588745117 0.07366504669189453 0.10919017791748047
35 0.8076727867126465 0.6197246551513672 0.0984964370727539 0.057895469665527347
24 0.8388168334960937 0.48590974807739257 0.07731704711914063 0.10621986389160157
25 0.847625732421875 0.5147644519805908 0.088800048828125 0.0741037368774414
3_13 0.27421875 0.4421875 0.0953125 0.084375
