45 0.13948378562927247 0.5401667594909668 0.12826833724975586 0.14510726928710938
4_14 0.20510580539703369 0.3727267265319824 0.12667388916015626 0.13145313262939454
44 0.21305860877037047 0.5542871475219726 0.1292598843574524 0.14295272827148436
43 0.293549919128418 0.5660330772399902 0.14315261840820312 0.1450291633605957
12 0.33953497409820554 0.3791781425476074 0.1636298656463623 0.18834991455078126
42 0.41073040962219237 0.5448266983032226 0.14437313079833985 0.1657613754272461
11 0.4613165378570557 0.3192021131515503 0.2312559127807617 0.2546219348907471
41 0.5258328437805175 0.5647080421447754 0.1576150894165039 0.17799720764160157
21 0.5802553176879883 0.39925084114074705 0.2338226318359375 0.20127468109130858
31 0.6407649993896485 0.557284927368164 0.1481853485107422 0.1770151138305664
22 0.7395457267761231 0.4051309585571289 0.18228549957275392 0.17747631072998046
32 0.7472210884094238 0.5434576988220214 0.12661323547363282 0.1507020950317383
33 0.8330802917480469 0.5685476303100586 0.11226387023925781 0.145526123046875
24 0.8823395729064941 0.42209882736206056 0.1703929901123047 0.13138370513916015
34 0.9006490707397461 0.5642565727233887 0.09418468475341797 0.1305746078491211
3_33 0.83671875 0.41015625 0.0890625 0.1265625
3_13 0.23515625 0.36328125 0.1203125 0.1234375
