13 0.18654930591583252 0.44681882858276367 0.11554136276245117 0.08105258941650391
44 0.2394496440887451 0.5798215866088867 0.08387246131896972 0.06877498626708985
12 0.2973762035369873 0.443875777721405 0.15595922470092774 0.11679995059967041
43 0.3172661304473877 0.5981020927429199 0.10358810424804688 0.06047754287719727
11 0.4327217936515808 0.42543773651123046 0.15655500888824464 0.12202234268188476
42 0.4083732604980469 0.6054396629333496 0.10694742202758789 0.07946243286132812
41 0.4946267604827881 0.5986007690429688 0.10047616958618164 0.08210372924804688
21 0.5447083473205566 0.39322447776794434 0.11115636825561523 0.11387252807617188
31 0.5735677719116211 0.5898984909057617 0.09493427276611328 0.11135330200195312
32 0.6270157814025878 0.5625354766845703 0.09032840728759765 0.13186140060424806
33 0.6884250640869141 0.5390518188476563 0.10494823455810547 0.14040088653564453
34 0.7190276145935058 0.4637614250183105 0.131292724609375 0.12132740020751953
22 0.61875 0.353125 0.090625 0.08125
35 0.74140625 0.3609375 0.0953125 0.13125
