13 0.21896690726280213 0.47252545356750486 0.08792306184768676 0.1023345947265625
44 0.24576864242553711 0.5693941116333008 0.07459707260131836 0.10489330291748047
12 0.3036703109741211 0.45217194557189944 0.12348413467407227 0.12840051651000978
43 0.3080588340759277 0.5785833358764648 0.10695848464965821 0.13512897491455078
42 0.4012855410575867 0.5888044834136963 0.11743452548980712 0.13116559982299805
11 0.43641042709350586 0.4559223175048828 0.18076953887939454 0.17645587921142578
41 0.5062499046325684 0.5928695678710938 0.12957725524902344 0.1692662239074707
21 0.6191459655761719 0.4484541893005371 0.18284225463867188 0.18055286407470703
31 0.6110618591308594 0.585932445526123 0.1294931411743164 0.17231521606445313
32 0.7153680324554443 0.5815157890319824 0.11683835983276367 0.14201583862304687
22 0.7463725566864013 0.4382026791572571 0.10313796997070312 0.11808488368988038
33 0.7929389953613282 0.5490804672241211 0.1287250518798828 0.15384883880615235
23 0.812537956237793 0.4180575370788574 0.0827951431274414 0.09652671813964844
34 0.8285321235656739 0.4760558605194092 0.10759220123291016 0.07038412094116211
24 0.8570802688598633 0.42438278198242185 0.062334442138671876 0.07091379165649414
