45 0.16021060943603516 0.41979665756225587 0.14504094123840333 0.14768171310424805
44 0.2145472288131714 0.5633722305297851 0.14406113624572753 0.17337627410888673
43 0.2807713270187378 0.6590489387512207 0.12963762283325195 0.12057685852050781
42 0.36835827827453616 0.6849201679229736 0.1086263656616211 0.0716090202331543
41 0.4718164443969727 0.6838459014892578 0.10913267135620117 0.07424869537353515
31 0.5655962944030761 0.6768703937530518 0.10076618194580078 0.06782312393188476
32 0.6702497005462646 0.6600052833557128 0.09529008865356445 0.04994058609008789
33 0.7402496337890625 0.6117838382720947 0.13771228790283202 0.0980332374572754
34 0.7857158660888672 0.5227402687072754 0.14632129669189453 0.13837547302246095
35 0.8357385635375977 0.3867650508880615 0.15311660766601562 0.1688365936279297
