17 0.12899002730846404 0.703223466873169 0.1856734812259674 0.06857891082763672
16 0.1354340523481369 0.6518048286437989 0.19503069519996644 0.1008575439453125
15 0.16838750541210173 0.5562355995178223 0.18747444748878478 0.15025815963745118
13 0.244697904586792 0.37397940158843995 0.13763837814331054 0.1271374225616455
11 0.4661073684692383 0.275975775718689 0.16399068832397462 0.11734485626220703
21 0.6222692489624023 0.3197901487350464 0.1556333541870117 0.11278119087219238
23 0.822543740272522 0.439487087726593 0.1283656597137451 0.1255054235458374
25 0.8531218528747558 0.6199505805969239 0.17860832214355468 0.14136676788330077
27 0.855374813079834 0.7562407493591309 0.1774435043334961 0.06342048645019531
26 0.863471508026123 0.7056963443756104 0.19342308044433593 0.09913473129272461
4_14 0.20546875 0.48359375 0.1984375 0.1359375
4_12 0.33125 0.32421875 0.13125 0.1171875
4_22 0.759375 0.37421875 0.115625 0.1421875
4_24 0.84140625 0.53125 0.1546875 0.10625
