14 0.12529760599136353 0.5648221969604492 0.18653361797332763 0.16511249542236328
15 0.12392886877059936 0.6710103511810303 0.1747239351272583 0.11735105514526367
13 0.16349602043628692 0.47186880111694335 0.14458512663841247 0.15677280426025392
12 0.23303554058074952 0.39212307929992674 0.11436424255371094 0.13487787246704103
22 0.6450703620910645 0.3911320209503174 0.13016490936279296 0.13874616622924804
23 0.7179227828979492 0.4741054058074951 0.1405517578125 0.162300968170166
24 0.7511629104614258 0.5606759071350098 0.19617118835449218 0.1464916229248047
25 0.7529982566833496 0.6702845573425293 0.18201904296875 0.14712162017822267
26 0.7566246032714844 0.7399815559387207 0.180877685546875 0.10585670471191407
3_11 0.359375 0.37890625 0.184375 0.1421875
3_21 0.51796875 0.38828125 0.1671875 0.1578125
3_16 0.13984375 0.74296875 0.1515625 0.0703125
