14 0.1543346881866455 0.5036187171936035 0.08226120471954346 0.07305831909179687
13 0.2106648027896881 0.4884762763977051 0.09843357801437377 0.10335369110107422
43 0.24696543216705322 0.5373139381408691 0.09402203559875488 0.05533647537231445
12 0.2820173740386963 0.46260733604431153 0.1002734661102295 0.11081171035766602
3_42 0.32560291290283205 0.5360452651977539 0.12107381820678711 0.09809284210205078
11 0.4079910755157471 0.46001195907592773 0.19461183547973632 0.15666599273681642
41 0.43554447889328 0.5541810035705567 0.13072664737701417 0.09753665924072266
31 0.5472746849060058 0.5575787544250488 0.13199272155761718 0.09135704040527344
21 0.5852306365966797 0.47313838005065917 0.19447269439697265 0.14175176620483398
33 0.7081610679626464 0.5545089721679688 0.1200948715209961 0.08528614044189453
23 0.7864794731140137 0.5249268531799316 0.11032848358154297 0.11378631591796876
34 0.7886682987213135 0.5788184642791748 0.08616018295288086 0.05245685577392578
24 0.8481639862060547 0.5402722358703613 0.07992134094238282 0.08170700073242188
3_32 0.65546875 0.55703125 0.1109375 0.0890625
3_22 0.72265625 0.48515625 0.1265625 0.1109375
