46 0.1534711718559265 0.3162342071533203 0.15179474353790284 0.08874168395996093
45 0.18359019756317138 0.39478604793548583 0.14974851608276368 0.1350196361541748
44 0.23617320656776428 0.5011343002319336 0.1400874972343445 0.1258544921875
43 0.3019801139831543 0.5883500099182128 0.11989831924438477 0.09203147888183594
42 0.3817057847976685 0.6315945148468017 0.1096571445465088 0.10264930725097657
41 0.4793285369873047 0.6458239555358887 0.10692577362060547 0.09452457427978515
31 0.572783088684082 0.6358397960662842 0.10390224456787109 0.09890222549438477
32 0.6565110683441162 0.613814115524292 0.1166264533996582 0.09641008377075196
34 0.7460650444030762 0.46377564668655397 0.20665397644042968 0.15713002681732177
33 0.7265779495239257 0.5649574756622314 0.1264413833618164 0.08890314102172851
35 0.799350643157959 0.34751033782958984 0.17688941955566406 0.1279571533203125
36 0.83828125 0.27421875 0.1453125 0.0671875
