46 0.23137457370758058 0.45050429105758666 0.1583242416381836 0.1272188425064087
45 0.23031949996948242 0.5347940921783447 0.1227409839630127 0.08858737945556641
44 0.2500956952571869 0.571783447265625 0.11370211839675903 0.0819462776184082
32 0.6270477771759033 0.6178473472595215 0.1069528579711914 0.06113376617431641
33 0.6996252536773682 0.5717366218566895 0.10103254318237305 0.0676300048828125
34 0.7524703025817872 0.5411040306091308 0.10533466339111328 0.07310962677001953
36 0.7929926872253418 0.4175154209136963 0.17049140930175782 0.13432350158691406
35 0.7771548271179199 0.4887219429016113 0.13423233032226561 0.07570667266845703
37 0.8345014572143554 0.3549765110015869 0.0806539535522461 0.05412015914916992
3_31 0.53046875 0.6484375 0.1046875 0.059375
3_41 0.4375 0.6578125 0.0875 0.06875
3_42 0.36328125 0.6546875 0.0828125 0.075
3_43 0.28671875 0.621875 0.0796875 0.059375
