14 0.19127774238586426 0.40190925598144533 0.0739020824432373 0.09387292861938476
13 0.25131025314331057 0.4020731449127197 0.09974994659423828 0.10831842422485352
43 0.30265209674835203 0.47251200675964355 0.10993871688842774 0.10685863494873046
12 0.34697952270507815 0.40435047149658204 0.12844619750976563 0.09475975036621094
42 0.37756547927856443 0.5050694465637207 0.09629907608032226 0.14364585876464844
11 0.4838724970817566 0.45911397933959963 0.18055098056793212 0.14706687927246093
41 0.4818448066711426 0.529074764251709 0.1141061782836914 0.07980709075927735
31 0.5804412841796875 0.5350322723388672 0.1123077392578125 0.09249763488769532
21 0.6440283775329589 0.486391544342041 0.16577568054199218 0.12016487121582031
32 0.6795220851898194 0.5370197296142578 0.09894790649414062 0.09871644973754883
33 0.7409370422363282 0.5340278625488282 0.07764148712158203 0.09780340194702149
23 0.8089656829833984 0.504391098022461 0.1018768310546875 0.0865488052368164
3_22 0.7734375 0.4828125 0.10625 0.065625
