45 0.19937376976013182 0.4167183399200439 0.1883391857147217 0.17978153228759766
44 0.23784890174865722 0.5576621055603027 0.10070962905883789 0.09792394638061523
43 0.2813227653503418 0.6186832427978516 0.10438947677612305 0.1271261215209961
82 0.33812973499298093 0.6684763908386231 0.10461964607238769 0.10359821319580079
41 0.4418539047241211 0.6405056953430176 0.11443166732788086 0.12964515686035155
31 0.5439465045928955 0.6525858402252197 0.1145064353942871 0.15878515243530272
32 0.6395422935485839 0.6277377605438232 0.11208114624023438 0.15003595352172852
33 0.7336811542510986 0.6218366622924805 0.11590023040771484 0.1363218307495117
36 0.8383356094360351 0.35286674499511717 0.18946189880371095 0.16625900268554689
4_34 0.76875 0.5671875 0.115625 0.10625
4_35 0.8375 0.48515625 0.159375 0.1265625
42 0.36171875 0.584375 0.1234375 0.1125
