45 0.1573542356491089 0.3809689521789551 0.20209331512451173 0.17765512466430664
44 0.20437750220298767 0.5079345703125 0.17319689989089965 0.19779529571533203
43 0.2867328643798828 0.6007022857666016 0.14871997833251954 0.14182395935058595
42 0.35372874736785886 0.6849082946777344 0.15270447731018066 0.15622348785400392
41 0.4815964221954346 0.6942732810974122 0.1443706512451172 0.16802539825439453
31 0.6038571357727051 0.6939797401428223 0.15093021392822265 0.16224842071533202
32 0.7099343299865722 0.6725743293762207 0.16965045928955078 0.13900699615478515
33 0.765301513671875 0.5799296855926513 0.15444087982177734 0.13097200393676758
34 0.8085328102111816 0.49089879989624025 0.18142662048339844 0.17329864501953124
35 0.8144025802612305 0.35709078311920167 0.18667526245117189 0.1482173442840576
36 0.85390625 0.25625 0.1953125 0.1125
46 0.134375 0.25625 0.096875 0.1125
