45 0.17192125022411348 0.41170487403869627 0.16451674103736877 0.14155950546264648
44 0.2241530954837799 0.5085550308227539 0.169514262676239 0.13400821685791015
43 0.26133902072906495 0.5817834854125976 0.1099358081817627 0.11972923278808593
42 0.3614206075668335 0.6023640632629395 0.1290266513824463 0.1588909149169922
41 0.47890892028808596 0.6102141857147216 0.14837188720703126 0.16749706268310546
31 0.6052617073059082 0.5936100006103515 0.1473308563232422 0.17080535888671874
32 0.6948084831237793 0.6589387893676758 0.12777938842773437 0.1569284439086914
33 0.7931661605834961 0.6374037742614747 0.10626068115234374 0.1480405807495117
34 0.8225946664810181 0.5687469482421875 0.16391596794128419 0.13503646850585938
35 0.8538932561874389 0.47003984451293945 0.16109318733215333 0.1091073989868164
46 0.159375 0.32578125 0.13125 0.0984375
36 0.8796875 0.38828125 0.115625 0.1140625
