15 0.14215041399002076 0.7252792358398438 0.17064893245697021 0.13145408630371094
16 0.13845268487930298 0.7627517700195312 0.15364935398101806 0.06336021423339844
14 0.14551739990711213 0.6339502811431885 0.16229047179222106 0.1384511947631836
13 0.16977468729019166 0.5119494438171387 0.13700273036956787 0.1652364730834961
12 0.26688318252563475 0.42412528991699217 0.129288387298584 0.15484771728515626
11 0.3970495700836182 0.38775010108947755 0.14847269058227539 0.15370874404907225
21 0.5739263534545899 0.35646834373474123 0.15526514053344725 0.13624172210693358
22 0.7057674407958985 0.3689026117324829 0.12129421234130859 0.11770157814025879
23 0.7865315437316894 0.4477384090423584 0.1416219711303711 0.142372989654541
24 0.833398413658142 0.5465994834899902 0.16638607978820802 0.10855731964111329
25 0.84786376953125 0.637492561340332 0.16734905242919923 0.12499504089355469
3_26 0.87109375 0.71328125 0.1578125 0.0921875
