14 0.16118464469909669 0.5164974689483642 0.18604044914245604 0.1626824378967285
16 0.16882252991199492 0.7102495670318604 0.19369201064109803 0.13196535110473634
13 0.1674403190612793 0.42606630325317385 0.12173395156860352 0.1310983657836914
12 0.22478063106536866 0.3548824548721313 0.11968388557434081 0.11307854652404785
11 0.345407509803772 0.32719883918762205 0.14606375694274903 0.11578130722045898
21 0.4948732376098633 0.3067145347595215 0.1643373489379883 0.10881500244140625
22 0.633504581451416 0.329460883140564 0.13820457458496094 0.11744389533996583
23 0.7037184238433838 0.4113007068634033 0.1173426628112793 0.13099050521850586
24 0.7445773601531982 0.49895124435424804 0.15256376266479493 0.14130573272705077
25 0.7739269733428955 0.5291220664978027 0.1968705177307129 0.09226875305175782
26 0.8201955795288086 0.6010943412780761 0.2045370101928711 0.11650104522705078
27 0.836951732635498 0.6472429752349853 0.1830209732055664 0.11097412109375
4_15 0.17109375 0.62578125 0.1734375 0.0984375
