15 0.15901024341583253 0.6601855278015136 0.1614248275756836 0.13065757751464843
14 0.19245351552963258 0.56165771484375 0.16292946338653563 0.12376480102539063
13 0.22497427463531494 0.46340193748474123 0.13195929527282715 0.11891899108886719
11 0.38963358402252196 0.37455430030822756 0.20081591606140137 0.11265497207641602
21 0.6009878158569336 0.3953296422958374 0.202285099029541 0.12362265586853027
22 0.7464876651763916 0.45498875379562376 0.12078371047973632 0.11961462497711181
23 0.8280340194702148 0.5354235649108887 0.15102558135986327 0.15368099212646485
24 0.8685606956481934 0.6417753219604492 0.16231517791748046 0.15047607421875
25 0.8964670181274415 0.7422821044921875 0.14805183410644532 0.10194759368896485
3_12 0.27890625 0.41875 0.1109375 0.071875
