15 0.15862289667129517 0.6529905319213867 0.18308475017547607 0.13542613983154297
14 0.13840534389019013 0.5145985603332519 0.09242025017738342 0.1315633773803711
13 0.24955759644508363 0.4885700225830078 0.12493199110031128 0.12390060424804687
12 0.32553553581237793 0.4067217826843262 0.11367330551147461 0.1481630325317383
11 0.46865596771240237 0.3823098659515381 0.17733869552612305 0.15785160064697265
21 0.6388637542724609 0.38457398414611815 0.17480239868164063 0.15590181350708007
22 0.7664596557617187 0.4343867778778076 0.11767311096191406 0.15532417297363282
25 0.846607756614685 0.7212558269500733 0.17466435432434083 0.1087773323059082
24 0.8552315711975098 0.600906229019165 0.16536273956298828 0.14516916275024414
23 0.8479660034179688 0.5038922786712646 0.1183156967163086 0.12249345779418945
