35 0.8392613410949707 0.5493242740631104 0.17277050018310547 0.11142644882202149
36 0.8563444137573242 0.4149091839790344 0.19777565002441405 0.1834563970565796
47 0.0953125 0.265625 0.14375 0.165625
46 0.15390625 0.434375 0.1859375 0.18125
45 0.18359375 0.55703125 0.1796875 0.1203125
44 0.23671875 0.6453125 0.1015625 0.128125
34 0.79296875 0.6265625 0.1265625 0.08125
33 0.734375 0.7 0.1 0.053125
32 0.6515625 0.7625 0.09375 0.034375
31 0.5671875 0.77734375 0.071875 0.0453125
43 0.29921875 0.709375 0.0921875 0.06875
42 0.375 0.75703125 0.090625 0.0609375
41 0.46796875 0.7890625 0.0984375 0.04375
