44 0.17426506280899048 0.5215840816497803 0.14577834606170653 0.10857439041137695
43 0.18352181911468507 0.5999397277832031 0.09705529212951661 0.11717586517333985
42 0.23844192028045655 0.6368000030517578 0.097509765625 0.11647510528564453
41 0.3159005880355835 0.6628674030303955 0.11104626655578613 0.1326807975769043
31 0.4088432312011719 0.672115421295166 0.1133544921875 0.14364356994628907
32 0.5106176376342774 0.6823429107666016 0.12360515594482421 0.12131996154785156
33 0.6103110790252686 0.6676977157592774 0.1210667610168457 0.11533031463623047
34 0.6940889358520508 0.623710823059082 0.1493684768676758 0.13865833282470702
35 0.7560853004455567 0.5556269645690918 0.1418294906616211 0.13565635681152344
36 0.8375 0.465625 0.14375 0.103125
37 0.890625 0.3703125 0.1 0.128125
45 0.171875 0.45078125 0.171875 0.0953125
46 0.1734375 0.39453125 0.184375 0.0671875
47 0.1546875 0.31796875 0.146875 0.1171875
