45 0.145828914642334 0.36376247406005857 0.20233216285705566 0.16790828704833985
45 0.16288340389728545 0.48682436943054197 0.18562425971031188 0.152670955657959
44 0.16035830676555635 0.6114171028137207 0.15382524132728576 0.17170314788818358
43 0.1835623025894165 0.6902205467224121 0.1007042407989502 0.12431163787841797
42 0.28942556381225587 0.6831387519836426 0.1293410301208496 0.07982559204101562
41 0.32995047569274905 0.7471943855285644 0.12581262588500977 0.06411380767822265
31 0.44099663496017455 0.74241623878479 0.11549112796783448 0.06973323822021485
32 0.5299848079681396 0.6952776908874512 0.13936128616333007 0.10195941925048828
33 0.6420223236083984 0.7064925193786621 0.11907196044921875 0.12581367492675782
34 0.7083961486816406 0.6437723159790039 0.17780132293701173 0.18316822052001952
35 0.7619056701660156 0.5177114486694336 0.2044309616088867 0.1667482376098633
36 0.8319594383239746 0.37271733283996583 0.21513004302978517 0.1749744415283203
82 0.234375 0.72734375 0.103125 0.0921875
72 0.56328125 0.74921875 0.1109375 0.0578125
