46 0.1429624080657959 0.5081627845764161 0.0792973518371582 0.09011516571044922
14 0.15571900606155395 0.43676042556762695 0.0895693063735962 0.13192596435546874
45 0.16711409091949464 0.5252385139465332 0.0668104648590088 0.09364147186279297
44 0.19435817003250122 0.5717402458190918 0.08620693683624267 0.17660579681396485
13 0.21370904445648192 0.43589078187942504 0.0958519458770752 0.1511554479598999
43 0.24838461875915527 0.5544590950012207 0.08657655715942383 0.1452352523803711
12 0.2996945381164551 0.4412513613700867 0.13010149002075194 0.145125412940979
42 0.324631404876709 0.5525876998901367 0.11540169715881347 0.1355510711669922
11 0.4312823414802551 0.4469877243041992 0.18332784175872802 0.1793619155883789
41 0.4165064811706543 0.5676737785339355 0.12295494079589844 0.13974361419677733
31 0.516353988647461 0.5741090774536133 0.12270736694335938 0.1270808219909668
21 0.5832271099090576 0.45987290143966675 0.17971105575561525 0.17906630039215088
32 0.6184572219848633 0.5879551410675049 0.12912960052490235 0.1303119659423828
22 0.7117363929748535 0.4893163204193115 0.12501106262207032 0.14309406280517578
33 0.7021468162536622 0.6055920600891114 0.10059795379638672 0.14500274658203124
34 0.7814876556396484 0.6125974655151367 0.09859256744384766 0.12598094940185547
23 0.7973089218139648 0.5042938232421875 0.10226974487304688 0.13992977142333984
35 0.8327662467956543 0.5982089042663574 0.07204246520996094 0.10399703979492188
24 0.8652830123901367 0.5167221069335938 0.08608360290527343 0.10092754364013672
36 0.8797906875610352 0.5897382736206055 0.07870368957519532 0.08437271118164062
