45 0.16853630542755127 0.5355754852294922 0.08154911994934082 0.10586128234863282
12 0.3164191246032715 0.46535358428955076 0.11960525512695312 0.14358339309692383
43 0.3146418333053589 0.5626142501831055 0.10485105514526367 0.1101536750793457
42 0.3999370336532593 0.5695965766906739 0.09515748023986817 0.09816055297851563
11 0.4409632682800293 0.47337292432785033 0.17377948760986328 0.17082655429840088
21 0.5962867736816406 0.47984628677368163 0.1798084259033203 0.16988716125488282
22 0.7192891120910645 0.47786197662353513 0.11390228271484375 0.14478282928466796
23 0.8033460378646851 0.46504640579223633 0.09296536445617676 0.10254793167114258
34 0.8310966253280639 0.5720956802368165 0.1007988452911377 0.11735877990722657
35 0.8728183746337891 0.5553651809692383 0.08209419250488281 0.09102134704589844
41 0.490625 0.5796875 0.109375 0.1
31 0.5890625 0.58359375 0.109375 0.1015625
32 0.66171875 0.58984375 0.1109375 0.1234375
33 0.76484375 0.58359375 0.1078125 0.1328125
44 0.2234375 0.55390625 0.1 0.110937524 0.9046875 0.44453125 0.121875 0.1203125
13 0.22109375 0.44765625 0.1015625 0.1328125
14 0.14375 0.42421875 0.084375 0.1171875
15 0.08515625 0.4015625 0.0640625 0.1
