15 0.06689126342535019 0.506532859802246 0.09783540070056915 0.08589458465576172
44 0.1852879524230957 0.5525090217590332 0.14436111450195313 0.08539791107177734
14 0.18125272989273072 0.4907866954803467 0.11918156147003174 0.1204197883605957
13 0.25596251487731936 0.4828986644744873 0.11144919395446777 0.1248549461364746
43 0.2903608798980713 0.5582762241363526 0.07537002563476562 0.08358049392700195
12 0.34589710235595705 0.4772000789642334 0.11799373626708984 0.13869047164916992
42 0.36631886959075927 0.5604475975036621 0.10310511589050293 0.09634885787963868
11 0.46762919425964355 0.4906462550163269 0.1657472610473633 0.18544657230377198
41 0.4455861568450928 0.5509429454803467 0.10501232147216796 0.10876321792602539
31 0.5439283370971679 0.5650549411773682 0.10545873641967773 0.09775123596191407
21 0.6104415893554688 0.4957129001617432 0.1640761375427246 0.18435754776000976
32 0.6306592941284179 0.5766669750213623 0.0802083969116211 0.07084741592407226
33 0.7083776950836181 0.5733530998229981 0.08964958190917968 0.07197818756103516
22 0.7368770122528077 0.484255313873291 0.12559003829956056 0.14979915618896483
34 0.7798124313354492 0.5715306282043457 0.08400077819824218 0.07818689346313476
23 0.8246081352233887 0.48943209648132324 0.09995441436767578 0.12631053924560548
24 0.8736321449279785 0.5109926223754883 0.09420509338378906 0.09338321685791015
