46 0.11751210689544678 0.4472592830657959 0.2081308364868164 0.14324550628662108
47 0.09487241506576538 0.34890525341033934 0.15852005481719972 0.1124870777130127
45 0.12352633774280548 0.5420926094055176 0.17639898657798767 0.14771575927734376
44 0.15899155139923096 0.6271403312683106 0.1682715892791748 0.1292263984680176
43 0.20931558012962342 0.6824557304382324 0.11704312562942505 0.11380987167358399
42 0.3163094758987427 0.7214359760284423 0.138306188583374 0.12899646759033204
41 0.44146796464920046 0.7366630554199218 0.15050504207611085 0.1359659194946289
31 0.5738870620727539 0.7278899192810059 0.14702329635620118 0.1412799835205078
32 0.7081776142120362 0.7071573257446289 0.1388723373413086 0.11739273071289062
33 0.8048488378524781 0.6538794994354248 0.12401738166809081 0.11224737167358398
34 0.849250602722168 0.5833139419555664 0.1594083786010742 0.1126321792602539
36 0.8724662780761718 0.4456223607063293 0.20379276275634767 0.21107156276702882
35 0.8638655662536621 0.4941732883453369 0.1847696304321289 0.11347723007202148
37 0.8890266418457031 0.2808225154876709 0.16647415161132811 0.16649951934814453
