13 0.15873736143112183 0.3756747245788574 0.14589369297027588 0.1489717483520508
14 0.18759642839431762 0.45606288909912107 0.18079888820648193 0.11068058013916016
15 0.18772089779376983 0.5296607971191406 0.17662100195884706 0.10343494415283203
16 0.22775027751922608 0.6124318599700928 0.1909559726715088 0.100323486328125
11 0.26991097927093505 0.28778507709503176 0.1985602855682373 0.17473292350769043
21 0.44183993339538574 0.2815419673919678 0.20009279251098633 0.1591336250305176
22 0.6165745735168457 0.29669694900512694 0.20827980041503907 0.19325151443481445
24 0.812232494354248 0.5185400485992432 0.20879650115966797 0.19023532867431642
25 0.8747092247009277 0.6198158740997315 0.15271244049072266 0.10629892349243164
26 0.9082711219787598 0.6995104789733887 0.11848773956298828 0.12199611663818359
4_23 0.75078125 0.36328125 0.1453125 0.1890625
12 0.1734375 0.31328125 0.115625 0.1546875
