15 0.14615800082683564 0.6345469951629639 0.18024325966835023 0.10617170333862305
16 0.1524610161781311 0.6934489250183106 0.1815201997756958 0.09379463195800782
14 0.16682204008102416 0.5491140365600586 0.14775435924530028 0.1087733268737793
11 0.4163527488708496 0.3684161424636841 0.16755828857421876 0.12345213890075683
21 0.5729321479797364 0.36932897567749023 0.1552885055541992 0.13955078125
22 0.6687760353088379 0.46866769790649415 0.13856220245361328 0.10763397216796874
23 0.8030676126480103 0.5199224472045898 0.137410306930542 0.12156486511230469
24 0.8550870895385743 0.6306085586547852 0.19149494171142578 0.15012016296386718
62 0.6953125 0.38359375 0.13125 0.1109375
12 0.31953125 0.440625 0.1453125 0.103125
13 0.209375 0.45078125 0.14375 0.1171875
