15 0.12194581031799316 0.5993217945098877 0.18990035057067872 0.08652658462524414
25 0.9263669967651367 0.5964902400970459 0.08394393920898438 0.07883424758911133
4_14 0.11640625 0.52109375 0.1703125 0.0890625
4_13 0.15546875 0.48046875 0.1328125 0.0703125
4_12 0.2140625 0.43828125 0.10625 0.0859375
4_11 0.29375 0.38515625 0.125 0.1046875
4_21 0.44921875 0.396875 0.1265625 0.090625
4_22 0.56953125 0.42421875 0.1109375 0.1109375
4_23 0.68984375 0.4765625 0.1265625 0.10625
4_24 0.77265625 0.51953125 0.1515625 0.0984375
4_65 0.80703125 0.6015625 0.1765625 0.125
