14 0.13314625024795532 0.4378555417060852 0.11042401790618897 0.14337708950042724
43 0.26776833534240724 0.5230792045593262 0.12475547790527344 0.15192527770996095
42 0.3708045482635498 0.5557907581329345 0.12463111877441406 0.13874893188476561
41 0.4787750244140625 0.5570051193237304 0.1248809814453125 0.16514854431152343
21 0.5585675716400147 0.4345365047454834 0.11950836181640626 0.15814828872680664
31 0.5920355796813965 0.5537310600280761 0.12762365341186524 0.1617971420288086
32 0.7023374557495117 0.5641642570495605 0.1239969253540039 0.12014026641845703
33 0.7934119224548339 0.5399002075195313 0.10898075103759766 0.14327621459960938
23 0.8011281967163086 0.4501322269439697 0.10207977294921874 0.10714759826660156
35 0.9077659606933594 0.513034439086914 0.10038337707519532 0.07750167846679687
44 0.18515625 0.52421875 0.0984375 0.0859375
13 0.22421875 0.4515625 0.1171875 0.140625
24 0.85 0.46953125 0.08125 0.0640625
34 0.86171875 0.54609375 0.0828125 0.1015625
22 0.68984375 0.4 0.1484375 0.153125
11 0.4046875 0.40390625 0.165625 0.1390625
3_12 0.27890625 0.4125 0.0703125 0.146875
45 0.10546875 0.52109375 0.0890625 0.1078125
15 0.0625 0.4234375 0.06875 0.1375
