46 0.1261196106672287 0.26626514792442324 0.17721758484840394 0.17468310594558717
45 0.15421137809753419 0.3885599136352539 0.18744659423828125 0.15867128372192382
44 0.18429232835769654 0.5136963367462158 0.16338236331939698 0.14697732925415039
43 0.2417675018310547 0.6284797191619873 0.14454898834228516 0.1417851448059082
41 0.42529820203781127 0.6652631759643555 0.13781893253326416 0.12925987243652343
31 0.5499961376190186 0.6501776695251464 0.13432884216308594 0.11959629058837891
33 0.7540139198303223 0.5657660961151123 0.13758354187011718 0.12877178192138672
34 0.7752130031585693 0.4657294273376465 0.15560693740844728 0.12296514511108399
35 0.8156838417053223 0.36563992500305176 0.1757366180419922 0.1686847686767578
36 0.8289529800415039 0.22840354442596436 0.1698375701904297 0.17567052841186523
3_42 0.33828125 0.6515625 0.1046875 0.15625
32 0.66328125 0.62890625 0.1203125 0.1484375
