45 0.1405293822288513 0.28761930465698243 0.1358261823654175 0.17833280563354492
43 0.22959265112876892 0.5846845626831054 0.15202418565750123 0.13416271209716796
41 0.4108771443367004 0.676728630065918 0.13287160396575928 0.11215000152587891
31 0.5253462791442871 0.6717723369598388 0.1427743911743164 0.12676362991333007
32 0.6310492515563965 0.6440863609313965 0.14546213150024415 0.1236734390258789
33 0.722317123413086 0.5786396980285644 0.15708141326904296 0.15205020904541017
34 0.7534245014190674 0.4689054489135742 0.15484266281127929 0.1178579330444336
35 0.7803031444549561 0.36871249675750734 0.14531831741333007 0.11913819313049316
42 0.33125 0.64140625 0.1375 0.1140625
44 0.1703125 0.4453125 0.190625 0.125
