43 0.22267037034034728 0.5338886737823486 0.1298587679862976 0.12787151336669922
42 0.343005895614624 0.5396631717681885 0.1395822525024414 0.1497796058654785
41 0.43313902616500854 0.5791974067687988 0.14891912937164306 0.18671274185180664
31 0.5640727043151855 0.5647525787353516 0.14725275039672853 0.18198566436767577
32 0.6835685729980469 0.5751595497131348 0.12370615005493164 0.14689111709594727
33 0.7529482364654541 0.5191703796386719 0.12425165176391602 0.15897789001464843
34 0.849578857421875 0.4912217140197754 0.11074295043945312 0.14711399078369142
4_12 0.3796875 0.44609375 0.140625 0.0703125
4_11 0.46484375 0.44375 0.1046875 0.084375
4_21 0.5734375 0.4390625 0.14375 0.10625
4_22 0.6734375 0.43515625 0.0875 0.1078125
4_23 0.75546875 0.42734375 0.1078125 0.1140625
4_24 0.82109375 0.4109375 0.1453125 0.09375
3_13 0.2578125 0.4359375 0.115625 0.109375
44 0.15234375 0.4546875 0.1265625 0.13125
4_14 0.12890625 0.38359375 0.1234375 0.1078125
