46 0.07835131883621216 0.37782773971557615 0.1406604528427124 0.12779054641723633
45 0.11471827030181884 0.45166835784912107 0.11020550727844239 0.11073551177978516
43 0.24103314876556398 0.5804643154144287 0.1338428497314453 0.16891031265258788
42 0.3275033712387085 0.622403335571289 0.12982234954833985 0.15263118743896484
41 0.434963321685791 0.6222976207733154 0.1151972770690918 0.16017789840698243
31 0.5418616771697998 0.629600191116333 0.12340259552001953 0.17117652893066407
32 0.6447014331817627 0.6193069458007813 0.13172492980957032 0.15021018981933593
33 0.7343785762786865 0.5745174407958984 0.13904104232788086 0.16734838485717773
35 0.8486030578613282 0.4444455623626709 0.17110767364501953 0.12110729217529297
4_44 0.17421875 0.5359375 0.1203125 0.10625
4_34 0.82578125 0.5328125 0.1046875 0.13125
36 0.90859375 0.3453125 0.1484375 0.1375
