45 0.08981523513793946 0.4672212600708008 0.17963047027587892 0.17352752685546874
44 0.1783326894044876 0.539600419998169 0.188908714056015 0.17401609420776368
43 0.23433952331542968 0.5674083232879639 0.129644775390625 0.19248247146606445
42 0.33599421977996824 0.5780417442321777 0.12353167533874512 0.180224609375
41 0.45869930982589724 0.5937904357910156 0.15643694400787353 0.1563030242919922
31 0.5906764030456543 0.5973389148712158 0.14224853515625 0.12203559875488282
33 0.7103561878204345 0.523265266418457 0.14757442474365234 0.16674957275390626
35 0.8266005516052246 0.34695820808410643 0.17089557647705078 0.18897371292114257
4_34 0.79921875 0.52578125 0.0953125 0.0765625
32 0.65859375 0.58828125 0.1140625 0.1390625
