13 0.19070026874542237 0.462037467956543 0.12410054206848145 0.1431582450866699
43 0.27697577476501467 0.48634862899780273 0.10566225051879882 0.13004627227783203
42 0.3454427242279053 0.48804292678833006 0.07087583541870117 0.10614442825317383
11 0.3984112501144409 0.4288521885871887 0.1543215274810791 0.1029468297958374
41 0.4618962287902832 0.5149735450744629 0.10553932189941406 0.09930858612060547
31 0.5530647754669189 0.5366502285003663 0.1159785270690918 0.10743627548217774
23 0.7469349861145019 0.49845066070556643 0.11306133270263671 0.12973947525024415
35 0.7785834312438965 0.5927847862243653 0.09739055633544921 0.08809757232666016
25 0.852876091003418 0.5204107284545898 0.11369266510009765 0.10767745971679688
4_21 0.54375 0.45859375 0.11875 0.1078125
4_22 0.65390625 0.4703125 0.0984375 0.140625
3_12 0.3125 0.42578125 0.14375 0.1203125
14 0.125 0.46796875 0.08125 0.1015625
32 0.6421875 0.57421875 0.1 0.0546875
33 0.7171875 0.5859375 0.065625 0.0875
44 0.1953125 0.5328125 0.096875 0.090625
3_24 0.82109375 0.51640625 0.0921875 0.1359375
