16 0.13495719730854033 0.6254223823547364 0.18259486556053162 0.09411964416503907
15 0.16318676769733428 0.5751975059509278 0.18306006789207457 0.10238304138183593
14 0.17310034930706025 0.5146840572357178 0.15130439400672913 0.12599544525146483
12 0.3521848440170288 0.39761078357696533 0.1708977222442627 0.10569977760314941
21 0.514834213256836 0.3825340747833252 0.0907674789428711 0.08627023696899414
23 0.7430942058563232 0.41375093460083007 0.13255224227905274 0.12480525970458985
25 0.8774007558822632 0.5059830665588378 0.17062153816223144 0.11258411407470703
26 0.9015375137329101 0.5478415012359619 0.19581031799316406 0.10248441696166992
13 0.21875 0.4671875 0.134375 0.159375
4_24 0.81953125 0.46171875 0.1421875 0.1171875
22 0.62578125 0.38359375 0.1203125 0.1140625
12 0.275 0.42421875 0.109375 0.1234375
