14 0.12903572320938111 0.43865214586257933 0.11536269187927246 0.11053903102874756
44 0.20728664994239807 0.507506275177002 0.1846601366996765 0.11680240631103515
13 0.22158483862876893 0.4524383068084717 0.14372340440750123 0.1140019416809082
43 0.28205299377441406 0.5200994491577149 0.15733041763305664 0.16126508712768556
42 0.39972820281982424 0.5404723167419434 0.12029752731323243 0.1368114471435547
41 0.492569637298584 0.5489006996154785 0.1100656509399414 0.12342624664306641
21 0.5865060806274414 0.470988130569458 0.14386577606201173 0.13311529159545898
31 0.584684181213379 0.5531250476837158 0.10813608169555664 0.11559505462646484
32 0.6705529689788818 0.5509653091430664 0.10493984222412109 0.1282958984375
22 0.6839808464050293 0.45980257987976075 0.10249834060668946 0.09208002090454101
33 0.7411007881164551 0.5354447364807129 0.10323772430419922 0.11903800964355468
23 0.7821055889129639 0.4608323574066162 0.13133249282836915 0.12698497772216796
34 0.8103574752807617 0.5362555503845214 0.07728385925292969 0.07303972244262695
24 0.8621814727783204 0.4820243835449219 0.0809640884399414 0.08369979858398438
4_11 0.47109375 0.45703125 0.1453125 0.1109375
4_12 0.34609375 0.45390625 0.1140625 0.1046875
