22 0.6038774490356446 0.3110843896865845 0.13112030029296876 0.1152869701385498
23 0.7247895717620849 0.3834822654724121 0.11267299652099609 0.08986797332763671
25 0.8270406723022461 0.595970344543457 0.09715900421142579 0.14068660736083985
26 0.8567039489746093 0.7204664707183838 0.12797622680664061 0.14081745147705077
11 0.45078125 0.29375 0.1171875 0.140625
12 0.32734375 0.32421875 0.1078125 0.1140625
4_24 0.80390625 0.4828125 0.1390625 0.18125
21 0.52734375 0.30078125 0.0859375 0.1453125
13 0.23359375 0.409375 0.1234375 0.115625
14 0.19296875 0.5453125 0.1296875 0.13125
15 0.13359375 0.68515625 0.1515625 0.1609375
