13 0.057035583257675174 0.4610159993171692 0.11407116651535035 0.16318318843841553
14 0.06076427698135376 0.577562952041626 0.1215214729309082 0.11841821670532227
11 0.32833385467529297 0.3626143455505371 0.11369762420654297 0.07539310455322265
4_22 0.6750622749328613 0.3736217498779297 0.15429744720458985 0.13574562072753907
23 0.79401535987854 0.4456313610076904 0.12515573501586913 0.1476609230041504
26 0.8610901832580566 0.7077631950378418 0.16064052581787108 0.06361827850341797
25 0.8706274271011353 0.6521705150604248 0.1570422649383545 0.11451044082641601
51 0.3328125 0.31171875 0.16875 0.1671875
4_21 0.52734375 0.30703125 0.1890625 0.1640625
3_12 0.18359375 0.35703125 0.2140625 0.1734375
3_24 0.884375 0.565625 0.175 0.159375
