16 0.20662899017333985 0.47304525375366213 0.12492423057556153 0.08374366760253907
15 0.25403294563293455 0.4131403923034668 0.10787153244018555 0.09399995803833008
4_14 0.28902397155761717 0.33809771537780764 0.1095306396484375 0.08582353591918945
13 0.3842900276184082 0.29025936126708984 0.13867683410644532 0.126153564453125
11 0.5979251861572266 0.3066577672958374 0.19454822540283204 0.13314733505249024
21 0.7739623069763184 0.4213883876800537 0.16366119384765626 0.1474285125732422
25 0.8461713790893555 0.6906728267669677 0.1333150863647461 0.10526075363159179
3_22 0.8502283096313477 0.4825268745422363 0.10087509155273437 0.07470951080322266
23 0.8857524871826172 0.5783473014831543 0.098004150390625 0.12464027404785157
3_12 0.47890625 0.2859375 0.1265625 0.125
4_24 0.86171875 0.6515625 0.1078125 0.115625
