46 0.132706356048584 0.3790759801864624 0.21609749794006347 0.14803462028503417
45 0.17661365270614623 0.48373827934265134 0.1693338632583618 0.11999082565307617
44 0.18805232048034667 0.5552263259887695 0.13821206092834473 0.07974014282226563
42 0.2529449939727783 0.6274089813232422 0.10890159606933594 0.08600711822509766
41 0.3350169897079468 0.6438460350036621 0.08995513916015625 0.06738624572753907
31 0.4284835338592529 0.6488874435424805 0.11720666885375977 0.09035110473632812
32 0.5303975105285644 0.6715604782104492 0.11352787017822266 0.07239570617675781
33 0.612705135345459 0.6463955879211426 0.1214132308959961 0.12353706359863281
34 0.690159797668457 0.6038607597351074 0.14061012268066406 0.11117820739746094
36 0.8714792251586914 0.4595944404602051 0.24447097778320312 0.1713876724243164
35 0.78515625 0.5546875 0.1328125 0.13125
43 0.1875 0.615625 0.1125 0.065625
