47 0.09002022743225098 0.31427459716796874 0.0703005313873291 0.060291385650634764
46 0.14555911719799042 0.42536412477493285 0.17663832306861876 0.17295529842376708
45 0.17346938848495483 0.553304386138916 0.1579204797744751 0.12251663208007812
44 0.206132173538208 0.6465676307678223 0.15364155769348145 0.15077877044677734
43 0.2542027413845062 0.7407964706420899 0.13807517290115356 0.1478546142578125
33 0.7809877395629883 0.7183160781860352 0.13997116088867187 0.15446624755859376
34 0.8121356964111328 0.6036204338073731 0.16456871032714843 0.14043140411376953
35 0.8486553192138672 0.3506253957748413 0.21520729064941407 0.1707157611846924
36 0.8370683431625366 0.48635034561157225 0.17755932807922364 0.16810302734375
32 0.7109375 0.7859375 0.078125 0.0625
31 0.61171875 0.7875 0.1453125 0.059375
41 0.46484375 0.790625 0.1484375 0.053125
42 0.34140625 0.7875 0.0984375 0.059375
