16 0.1673535317182541 0.6269766807556152 0.17343831658363343 0.0973358154296875
15 0.17117140293121338 0.5268843650817872 0.17389659881591796 0.1262378692626953
14 0.19817979335784913 0.414213764667511 0.1516972541809082 0.14932801723480224
13 0.23641529083251953 0.3065906047821045 0.11641793251037598 0.10874710083007813
12 0.30733728408813477 0.23263659477233886 0.11572380065917968 0.11161017417907715
11 0.4233101844787598 0.2136361837387085 0.16946372985839844 0.0914121150970459
21 0.5993703842163086 0.21783270835876464 0.17686786651611328 0.10303411483764649
22 0.7128458023071289 0.2449725091457367 0.10973491668701171 0.12440568208694458
23 0.7802893638610839 0.32619671821594237 0.11369876861572266 0.1341843605041504
24 0.819511890411377 0.4307411670684814 0.15068988800048827 0.1455470085144043
25 0.8507234811782837 0.5422050476074218 0.17011523246765137 0.12856483459472656
26 0.8645397186279297 0.6364164829254151 0.1674957275390625 0.11173696517944336
